200.000000 0.000562998 -0.001247580 0.000426071 1.946480346 0.006869821 -2.133064995
200.100000 0.004585758 -0.008178945 0.000290754 1.910745341 -0.002916111 -1.969520745
200.200000 -0.002511020 -0.002370775 0.000143789 1.818366246 -0.003315685 -1.818226644
200.300000 -0.001553718 -0.003202936 0.000135527 1.673989339 0.004907667 -1.682550944
200.400000 -0.003155454 0.000490723 0.004022854 1.567015213 0.001216742 -1.737842421
200.500000 0.002278375 -0.005152598 -0.001652314 1.458923422 -0.003499292 -1.498550788
200.600000 -0.002532469 -0.006111819 0.005954896 1.433487192 0.003442920 -1.327574413
200.700000 0.000076211 -0.002826425 0.002873940 1.228880356 -0.005677633 -1.266652864
200.800000 0.001777897 -0.001319004 0.002484432 1.121196601 0.003707870 -1.249024133
200.900000 -0.003117340 -0.010055842 -0.002896744 0.948309333 -0.007688659 -1.068636250
201.000000 -0.000911968 -0.000232507 0.000259776 0.968569774 0.000534821 -1.064130450
201.100000 -0.002284573 -0.005004508 0.001732246 0.790959313 -0.005429641 -0.825543497
201.200000 -0.005550476 -0.002094915 0.002493749 0.590562727 -0.002152350 -0.658128687
201.300000 -0.003247743 -0.000207592 -0.003377847 0.481188782 -0.003542933 -0.532581683
201.400000 -0.000293862 -0.002073214 -0.002462181 0.296064526 -0.006642805 -0.370317354
201.500000 0.004495011 0.003650607 -0.004467932 0.101394154 0.007043547 -0.156572611
201.600000 -0.000401544 0.002444973 0.000745890 -0.079990544 0.003699842 -0.011741607
201.700000 -0.002672122 -0.001966958 0.001027060 -0.148505878 -0.000501860 0.082749923
201.800000 -0.001286412 0.005852536 -0.002687622 -0.264330346 -0.008547433 0.228263290
201.900000 -0.002652591 0.001769011 -0.000570846 -0.463248244 0.008459131 0.377704895
202.000000 0.001449882 0.005970656 -0.000863757 -0.562169836 -0.000451241 0.471092162
202.100000 0.003081003 0.006281042 -0.002873736 -0.416340133 -0.001900932 0.610006669
202.200000 -0.002136510 0.003134869 0.004128173 -0.481887911 -0.004561026 0.432256845
202.300000 -0.001210835 0.000462938 0.001090028 -0.526104207 -0.005331878 0.376038453
202.400000 0.000143258 0.001362915 -0.003744836 -0.368703593 -0.002909844 0.440652975
202.500000 -0.000287477 0.003752832 -0.003256501 -0.429647007 -0.001001495 0.316552796
202.600000 0.000825561 0.001821851 -0.001911784 -0.314253885 -0.007195731 0.245832579
202.700000 0.002067830 0.000373315 0.000742445 -0.218908756 -0.000698978 0.221735775
202.800000 0.000513938 0.001266415 -0.000009907 -0.211545977 -0.000604406 0.130346479
202.900000 -0.000266902 -0.001645096 -0.001401083 -0.214458348 -0.004429753 0.120282126
203.000000 0.000049100 -0.001084111 -0.005573947 -0.012409500 -0.004316597 0.109261679
203.100000 0.000789760 -0.001051076 -0.006194335 -0.041039407 -0.004196460 0.066571466
203.200000 -0.001303616 0.002944064 -0.002555822 -0.038930311 0.004015023 -0.176451660
203.300000 0.000514102 0.000295703 -0.000538245 0.065667326 -0.004425279 -0.159872481
203.400000 -0.000485974 0.002406389 0.002697499 0.055791553 0.003565085 -0.120371288
203.500000 -0.000103023 -0.000803084 -0.001794117 0.214726442 -0.008996349 -0.209500377
203.600000 -0.002418395 -0.000742168 -0.001407102 0.045504322 0.001371696 -0.197683050
203.700000 0.003120117 -0.002766670 0.000830427 0.267390413 0.009647121 -0.263122518
203.800000 0.000367704 -0.004154011 0.000890254 0.278844773 0.002649672 -0.421947100
203.900000 0.003545386 -0.004751123 -0.000205721 0.320573696 0.000531606 -0.409177360
204.000000 0.000335761 -0.005275327 0.000535626 0.375912182 0.005545241 -0.416760047
204.100000 -0.001907506 -0.001806416 -0.002897737 0.270548899 -0.002031343 -0.386387754
204.200000 -0.001878695 -0.004408197 0.000191402 0.250835739 0.005905481 -0.330225398
204.300000 -0.000901681 -0.001365734 0.000940395 0.280087515 0.012872043 -0.265631272
204.400000 0.001096317 -0.004841546 0.000381190 0.127479143 -0.001190078 -0.168838621
204.500000 -0.003194477 -0.000131781 0.001461479 0.133704343 -0.004330685 -0.165599103
204.600000 -0.000906714 -0.000993023 0.000747744 0.024552996 0.000118065 0.037176690
204.700000 0.003890277 -0.000515756 -0.005550902 0.085473931 0.003573477 -0.003362083
204.800000 -0.000937518 0.000425857 0.002872806 -0.055091203 0.013070243 0.030691693
204.900000 0.000158583 -0.002064233 -0.000841374 -0.137455941 -0.000760857 0.135781028
205.000000 0.001117989 0.000384670 0.003684931 -0.300162607 0.005122870 0.201250082
205.100000 -0.000807704 -0.002160082 0.001585329 -0.223521044 -0.005379310 0.078706567
205.200000 0.001537645 0.003100248 -0.002949088 -0.277871506 -0.003707316 0.100654278
205.300000 0.001453320 0.000989570 -0.001447364 -0.304127974 0.000046007 0.188538110
205.400000 0.002584170 0.001717334 -0.005031739 -0.308774747 0.004174501 0.168402069
205.500000 -0.003252073 -0.001409476 -0.001898958 -0.334084162 -0.005800312 0.301225661
205.600000 0.002504233 -0.005875508 0.000027427 -0.328688819 -0.001828184 0.294905831
205.700000 0.001234246 0.003962196 0.000534294 -0.337105803 -0.007867928 0.270835437
205.800000 -0.002773044 0.006933542 -0.000666597 -0.329810272 0.004026254 0.275108900
205.900000 -0.000012681 -0.000291911 0.003709902 -0.364477503 -0.006874929 0.308454397
206.000000 -0.000875691 0.001082684 -0.001338789 -0.349608276 0.001156290 0.297484129
206.100000 -0.001996985 0.003415352 -0.001387819 -0.401125877 0.003829775 0.188378184
206.200000 -0.000442951 0.000403716 -0.003281694 -0.332971930 0.003545929 0.306091762
206.300000 -0.006754301 0.005528862 0.000398332 -0.339028703 -0.007911590 0.219912234
206.400000 -0.002605113 0.002913989 0.000303281 -0.142795908 -0.005233788 0.252206610
206.500000 -0.000923656 0.001483647 0.000785088 -0.090392699 0.001647122 0.102172654
206.600000 -0.002854155 -0.002564195 -0.000876290 -0.140025488 -0.004239725 0.069309189
206.700000 -0.005023409 0.004256324 -0.002029662 -0.064071767 0.002013644 0.058928328
206.800000 0.004052862 -0.006371675 -0.003275266 -0.110914081 -0.006409446 -0.092337024
206.900000 -0.000402244 -0.003253930 -0.001013454 0.077018375 -0.003992904 0.054265991
207.000000 0.003334869 -0.003891380 0.000007160 0.035456747 -0.004129207 -0.099763798
207.100000 -0.003940157 -0.000177784 -0.004019340 0.233004807 -0.005954329 -0.068719830
207.200000 -0.002366801 -0.002762957 0.000496460 0.191288174 0.004368770 -0.089767996
207.300000 -0.000026785 -0.003600497 0.001807092 0.058784384 0.003390505 -0.130406316
207.400000 -0.001908758 -0.004101894 -0.000319546 0.077965506 0.007884893 -0.178388567
207.500000 0.000416788 0.001375349 -0.001620350 0.064685117 0.002210866 -0.141864957
207.600000 -0.000126512 -0.000383624 0.002787611 0.156796117 -0.002245778 -0.241446940
207.700000 0.005758158 -0.002249222 0.000638903 0.194250709 0.015916701 -0.277396357
207.800000 -0.002552729 -0.002143215 0.002222237 0.313690477 -0.006291464 -0.272634193
207.900000 0.000130397 -0.004167222 -0.003158303 0.271723671 0.002760766 -0.351631637
208.000000 -0.000895690 -0.004313997 -0.000046240 0.203955476 0.005516613 -0.231183076
208.100000 0.003410720 -0.001768447 -0.003101706 0.209167473 -0.001879768 -0.266168735
208.200000 -0.000185427 -0.001852674 0.001859340 0.192611291 0.005154687 -0.195796713
208.300000 -0.000902400 -0.002253287 -0.002304890 0.154515796 0.002431601 -0.250604890
208.400000 0.001764821 -0.002500079 -0.000323188 0.167597416 -0.002072181 -0.165691029
208.500000 -0.003701256 -0.000029378 -0.001812747 0.013607918 0.008745835 -0.181939104
208.600000 0.003301951 -0.004300845 -0.003874770 0.062310480 -0.003071487 -0.039253143
208.700000 0.002206636 -0.002348078 -0.004215269 -0.007711702 -0.005268055 -0.087188868
208.800000 -0.000740498 -0.000334959 -0.002338420 -0.015482340 -0.006447558 -0.013512612
208.900000 -0.003871702 0.001223691 0.001105736 -0.020142278 -0.010682781 -0.109157105
209.000000 0.002312241 0.002634888 -0.006874898 -0.014141464 0.001106234 -0.108671786
209.100000 0.001905294 -0.000220768 0.001149326 -0.049064553 -0.008732558 -0.124087432
209.200000 0.003485196 -0.001019860 -0.003336875 -0.076240385 0.003780061 -0.006565522
209.300000 -0.001747041 0.000341116 0.001013454 -0.102899691 -0.003218815 0.011612189
209.400000 0.001832181 -0.000469519 0.002085196 -0.032723002 -0.001761551 -0.032710954
209.500000 -0.003805890 0.001689190 -0.000215538 -0.025412436 0.006069603 -0.104953980
209.600000 0.001323754 0.001744179 -0.001451345 0.004514995 -0.002734731 -0.061396602
209.700000 -0.000284035 0.000687055 -0.000997838 -0.034749401 -0.002803925 -0.005577870
209.800000 -0.000078179 -0.004058544 -0.005811102 0.042449259 0.001663175 -0.090719562
209.900000 -0.001997312 -0.002360377 0.000355049 0.059410615 0.004518326 0.058984657
210.000000 0.005481601 0.002264865 -0.002002924 0.020685615 -0.002161635 -0.010964883
210.100000 -0.000410804 -0.000805899 -0.001888116 0.083697358 0.000306367 -0.103845250
210.200000 0.001401116 0.003730323 -0.002851170 0.024921699 0.004091856 0.034288763
210.300000 0.005706533 -0.003090304 0.001929320 -0.046479284 -0.001297878 -0.023437315
210.400000 -0.000646775 -0.001364751 0.000080418 -0.137851195 0.003239703 0.028709949
210.500000 0.000699927 0.000863119 0.005226618 -0.109065163 -0.000196888 0.059944269
210.600000 -0.002235860 -0.000363293 -0.002615806 -0.097450728 0.007626142 0.052371450
210.700000 0.001089091 -0.000334476 -0.000202617 -0.135638750 -0.005345076 0.060035196
210.800000 -0.002929577 0.001223413 -0.003094197 -0.106205396 0.004491556 -0.001486382
210.900000 -0.006729087 -0.001197287 0.001838954 -0.130937658 -0.001731076 0.160448889
211.000000 -0.003160765 0.004088493 -0.000287539 -0.159906126 0.000766485 0.158200333
211.100000 -0.000805663 0.005737640 -0.000015412 -0.127949449 0.008098364 0.098902306
211.200000 -0.001487070 -0.000392264 -0.001889282 -0.196160283 -0.002829650 0.164510865
211.300000 -0.001833003 -0.001587962 0.000876053 -0.255201086 -0.006527871 0.132902667
211.400000 -0.003355717 -0.001301976 0.002220916 -0.249044134 -0.004799675 0.140175833
211.500000 0.002071901 0.002396260 0.000553328 -0.303048106 -0.002335596 0.218870365
211.600000 -0.004899566 0.001319086 -0.004198489 -0.392132537 -0.005301120 0.223757673
211.700000 -0.003649760 0.001941460 -0.001827738 -0.361027893 -0.007443343 0.375645270
211.800000 0.000656016 0.003480096 -0.003308997 -0.356274074 0.001628337 0.408995965
211.900000 -0.002285535 0.006336335 0.000460301 -0.381329979 0.010708095 0.379322987
212.000000 -0.001343848 0.000151422 -0.002259689 -0.358620254 0.000331113 0.408788344
212.100000 0.001341721 0.001619648 -0.005223867 -0.492843953 -0.005882878 0.357612643
212.200000 0.002668258 0.003778586 -0.000891490 -0.358057072 -0.001810855 0.307867290
212.300000 0.001140245 0.004684300 -0.003751420 -0.302254659 -0.000087363 0.326518468
212.400000 -0.001504705 0.003462149 0.000160167 -0.336179811 -0.015238953 0.368845094
212.500000 0.002158351 0.002821283 -0.004212233 -0.368205240 -0.002091800 0.373115842
212.600000 0.002221484 0.005303134 -0.003262823 -0.330310238 -0.004829516 0.298295465
212.700000 0.007527856 0.001599540 -0.005142758 -0.336003645 -0.001439417 0.288893296
212.800000 0.000069295 0.006238470 -0.005551143 -0.279299763 0.000667652 0.249177129
212.900000 -0.000668287 -0.000262290 -0.001213677 -0.359071467 -0.004823206 0.252383479
213.000000 0.001782270 0.006665263 0.004051178 -0.327948404 0.004013262 0.319267298
213.100000 -0.001616970 0.001930480 -0.003373251 -0.228750820 0.003887565 0.245017811
213.200000 0.000722656 0.007607757 -0.002797681 -0.224830152 -0.003239849 0.166218496
213.300000 -0.001365703 -0.002150298 0.003653589 -0.179246692 -0.002957881 0.100183744
213.400000 -0.002217332 -0.001739740 -0.000406520 -0.166803862 0.004732694 0.112251561
213.500000 0.003664666 -0.001311338 0.001852998 -0.070324909 -0.009420046 0.130620595
213.600000 0.001359135 0.001305505 0.001441113 -0.057232954 0.000607329 0.046625528
213.700000 0.005002505 -0.001376034 0.003533312 -0.083021257 -0.001479112 -0.172140922
213.800000 0.001853121 -0.003845695 0.003434740 0.070619957 0.001298105 -0.140609864
213.900000 -0.000740911 -0.000282802 0.001114194 0.017493622 -0.005442367 -0.145231144
214.000000 0.001380382 0.000452260 0.004580354 0.087150726 -0.009585607 -0.130818264
214.100000 0.000527276 -0.002192217 -0.000908679 0.083393042 0.000674049 -0.234882557
214.200000 -0.000382939 -0.001892061 0.002273558 0.167282847 -0.010670625 -0.223528408
214.300000 -0.001144581 -0.001019508 -0.001198812 0.200651582 0.002729653 -0.204470476
214.400000 0.000915662 -0.004133433 0.004164213 0.263725434 -0.002618559 -0.276120134
214.500000 -0.001337745 -0.000606074 0.003138897 0.291953781 0.001431859 -0.342307004
214.600000 -0.004466120 -0.003073623 0.000457607 0.367184181 0.001941843 -0.416430389
214.700000 -0.007093339 -0.001315516 0.006778657 0.375041962 0.001601025 -0.512480256
214.800000 -0.001357981 -0.000774797 0.001138568 0.472271939 -0.003843812 -0.490118812
214.900000 -0.009261533 -0.008273593 0.002625730 0.533108801 -0.004451842 -0.578428980
215.000000 -0.007593949 -0.005998713 0.001060225 0.495635201 -0.004899849 -0.680629199
215.100000 -0.005076464 -0.000307272 -0.000725318 0.545927721 -0.004471247 -0.680936345
215.200000 -0.002425807 -0.001872603 0.000002972 0.581340553 0.003305704 -0.460134462
215.300000 -0.003789835 0.001134828 0.002791544 0.510074599 -0.001775885 -0.546453071
215.400000 -0.005844028 -0.002478966 -0.005268344 0.453295503 0.001973834 -0.527566002
215.500000 -0.005982456 -0.000342996 -0.002536695 0.507030237 -0.002545911 -0.363956506
215.600000 -0.005673846 -0.000897727 0.004831397 0.349580019 0.001735980 -0.350041828
215.700000 -0.002720246 0.004033594 -0.001125509 0.314479467 0.001455001 -0.335760504
215.800000 -0.007200549 0.001602658 0.002539029 0.276891066 -0.004425956 -0.368552596
215.900000 -0.005035771 0.002981416 -0.001576709 0.257963745 0.004839105 -0.249297728
216.000000 -0.004434228 0.000476917 0.007685092 0.213428526 0.000662367 -0.286119937
216.100000 -0.003408729 0.002123106 0.000074980 0.157884259 0.002384383 -0.232361699
216.200000 -0.001811590 -0.001035171 -0.002151510 0.125769770 0.002657465 -0.116248348
216.300000 -0.000015347 0.001840661 -0.000199566 0.003824795 0.004430018 -0.139784808
216.400000 -0.004397418 0.000819177 0.004961979 -0.052859028 0.010357911 -0.015144979
216.500000 -0.002496216 0.005813264 -0.001056613 -0.064633758 -0.003252083 0.034081218
216.600000 0.000534750 0.001074763 0.002252047 -0.055050533 -0.007502507 0.076559387
216.700000 0.001835316 0.002180855 0.001869211 -0.212229225 0.003953151 0.151675330
216.800000 0.000446842 0.003304016 -0.001181821 -0.202925420 -0.006379564 0.201437414
216.900000 -0.000534239 0.006965098 0.000133194 -0.284916040 -0.007451994 0.280206884
217.000000 0.000098005 0.006319599 0.001861601 -0.343240145 -0.000485295 0.308134088
217.100000 0.002635045 -0.000094339 0.002867788 -0.300821274 -0.005565527 0.206870435
217.200000 0.001199743 -0.001309004 -0.002454322 -0.163374533 0.001763159 0.122661220
217.300000 0.002453487 0.004553877 0.001258603 -0.035957620 -0.004186705 0.026714754
217.400000 0.001912765 -0.002453776 -0.003659382 0.034935472 0.002782055 -0.099093218
217.500000 0.000145755 -0.003728020 0.001881145 0.068757237 -0.000420600 -0.267562211
217.600000 0.004105514 -0.007035148 0.001060148 0.252616287 -0.001847415 -0.282393441
217.700000 0.004248363 -0.001736203 -0.003667281 0.154290445 -0.005336085 -0.330162796
217.800000 0.003921536 -0.005668816 -0.005173511 0.351879861 -0.008701995 -0.484593207
217.900000 0.000129243 -0.009051831 0.005971859 0.507021489 -0.009221570 -0.665820191
218.000000 0.007160854 -0.008666042 0.000402093 0.539385994 -0.000882897 -0.582265855
218.100000 0.005312717 -0.005470234 0.002672473 0.646085705 0.007700985 -0.639719379
218.200000 -0.001697050 -0.007303762 0.003910921 0.700792843 -0.005935866 -0.697750100
218.300000 0.002179585 -0.004850449 0.000637456 0.721417335 -0.018727835 -0.749522790
218.400000 0.006265648 -0.005067890 0.003969149 0.665996912 -0.008696792 -0.786453404
218.500000 0.001008623 -0.005773476 0.001197837 0.899707209 -0.005125463 -0.803168491
218.600000 0.000133508 -0.001700170 -0.000134866 0.861181444 0.006683331 -0.930235156
218.700000 0.006681787 -0.002811731 -0.000714573 0.951956176 -0.003365937 -0.904690221
218.800000 0.000412808 -0.002047624 0.009495227 0.878906718 0.003529657 -1.001775709
218.900000 0.001251178 -0.001860313 0.000658583 0.913303423 -0.000577099 -1.122408679
219.000000 0.002565917 -0.006330773 -0.001739004 1.033030264 0.004864977 -1.064562755
219.100000 -0.000134684 0.000030940 0.002969008 0.916447738 0.009066824 -0.841627080
219.200000 0.000180159 -0.000030928 -0.001605661 0.756889000 0.005627381 -0.718292282
219.300000 -0.000620774 -0.002850258 0.001637773 0.577838524 -0.009468778 -0.682502703
219.400000 0.003406418 0.000621587 0.001802436 0.458747653 0.007083678 -0.492044761
219.500000 0.000397882 0.002982858 0.000190446 0.366851939 0.002691837 -0.318142902
219.600000 -0.000288627 0.001044031 0.000137644 0.155767329 0.010189890 -0.258499840
219.700000 0.002400829 0.004597967 -0.001234445 -0.099887193 0.007021696 -0.131483136
219.800000 -0.000294945 0.003642510 0.001365977 -0.203969267 -0.000057136 0.133593058
219.900000 -0.002141892 0.004097325 0.000632420 -0.236717320 0.002924428 0.197876025
220.000000 -0.004307973 0.010033429 -0.003180613 -0.334364887 0.009282757 0.296083124
220.100000 0.001309785 0.006796692 -0.002412545 -0.495536990 -0.003047751 0.451327187
220.200000 -0.004471993 0.006456895 -0.002636771 -0.537998300 0.007762797 0.539405032
220.300000 -0.001254657 0.001487040 0.000515359 -0.590733469 0.010056185 0.615512048
220.400000 -0.003609272 0.004672942 -0.006342462 -0.659690559 0.003180205 0.685302934
220.500000 0.002051546 0.000428138 0.001049219 -0.818439584 -0.000581648 0.873285918
220.600000 -0.000031049 0.008211567 -0.004514611 -0.969321764 0.004824738 0.817724070
220.700000 -0.005276974 0.002262763 -0.005120148 -0.993735916 -0.003777075 0.912022936
220.800000 -0.003404470 0.001274411 -0.001769921 -1.185984913 -0.002516118 1.052952767
220.900000 -0.000582086 0.005797519 0.000350274 -1.148763171 -0.001905544 1.062460774
221.000000 -0.007113445 -0.000613719 -0.001104595 -1.249048777 -0.008223966 1.219787924
221.100000 -0.001220881 -0.003777643 -0.008931446 -1.220803235 0.003351579 1.101716991
221.200000 -0.005356109 -0.001307896 -0.007608689 -1.074948914 0.004978245 1.127510493
221.300000 0.000434234 -0.001355809 0.000639023 -1.039710774 0.004133294 1.057080528
221.400000 -0.005928696 -0.001834213 -0.002242590 -1.073848035 -0.003185888 0.935634854
221.500000 -0.001976703 -0.001481656 -0.000450549 -1.013958010 -0.001750087 0.950429088
221.600000 -0.001521237 -0.000567484 -0.002684128 -0.919334689 -0.003705969 0.946737656
221.700000 -0.003691416 -0.001786709 -0.002288333 -0.914279656 -0.000202337 0.823015339
221.800000 -0.006315231 -0.007357547 -0.002679114 -0.800364350 0.004691667 0.777892942
221.900000 -0.000884357 -0.000731572 -0.003582092 -0.697831456 0.007221014 0.635423431
222.000000 -0.005175637 -0.001294236 -0.003388368 -0.752813227 0.001496078 0.769114450
222.100000 -0.001533605 -0.002296280 -0.002558637 -0.671649996 -0.000068312 0.502926612
222.200000 0.000969804 -0.001426942 -0.000238250 -0.575005147 -0.000404793 0.642093099
222.300000 -0.003601257 -0.002457343 -0.000323812 -0.401793759 -0.000890712 0.414552929
222.400000 0.000276594 0.003618525 -0.004503665 -0.446903085 0.000967302 0.339376008
222.500000 -0.001302980 -0.003976499 0.001453572 -0.260887170 0.000883814 0.264224554
222.600000 -0.001107242 -0.001605855 -0.001479448 -0.225765491 0.001181562 0.223778004
222.700000 -0.002035770 -0.003649025 0.001859584 -0.201784740 0.007055331 0.164858378
222.800000 -0.003169828 0.000636088 0.000366796 -0.044833001 0.004186108 -0.022822936
222.900000 -0.001467722 0.001830153 -0.002216967 -0.070984729 0.002742038 -0.118737783
223.000000 -0.003527130 0.000458557 0.001398477 0.265034116 0.001732668 -0.108171312
223.100000 0.000610587 0.000014055 0.001032927 0.137330611 -0.004308632 -0.207969494
223.200000 -0.003140086 0.003692116 0.001777349 0.196797725 0.006852936 -0.126087998
223.300000 0.000956222 -0.000531704 0.000002126 0.197322334 0.004316208 -0.208399939
223.400000 0.003702162 0.002933867 -0.000865127 0.115595935 0.005874088 -0.227104566
223.500000 0.001486361 -0.001802225 -0.002755665 0.132080302 -0.003316884 -0.234347100
223.600000 -0.000525961 0.002523691 -0.000803988 0.203778435 -0.009850732 -0.285822578
223.700000 0.000666498 0.001748474 0.000982806 0.225946158 -0.008614016 -0.300259733
223.800000 0.003761989 0.000200680 0.000496278 0.178569756 -0.003878551 -0.286152335
223.900000 0.001036344 0.003038488 -0.003995549 0.295199715 0.000421760 -0.283589358
224.000000 0.004601625 -0.001067505 0.004414239 0.233679791 0.004993237 -0.302336490
224.100000 0.002964219 0.000063154 -0.001341084 0.183570056 -0.009188037 -0.297786042
224.200000 0.000786853 -0.002268175 0.004980098 0.146071346 0.000526853 -0.084368882
224.300000 -0.002689901 0.008700571 -0.004342475 0.083390054 0.000151331 -0.109768443
224.400000 0.001294742 0.005544255 0.000542727 -0.002521692 -0.000356359 0.028797641
224.500000 0.006204939 0.002595926 0.001472794 -0.101827969 -0.003351314 0.023601944
224.600000 0.003903747 0.003463135 0.000748440 -0.150048454 0.000478448 0.079575549
224.700000 -0.003070789 0.003768083 -0.000223829 -0.168339112 0.005932390 0.148169853
224.800000 0.000356732 0.004231551 0.000774564 -0.312475212 0.009347514 0.201601577
224.900000 -0.001686021 0.002937797 0.001295491 -0.336555095 0.002638781 0.285762830
225.000000 0.001889672 0.007491142 0.000325463 -0.378851143 0.000328771 0.311202442
225.100000 0.001100015 -0.000564830 0.003690891 -0.405262985 0.003090204 0.302128072
225.200000 -0.004376003 0.003791191 0.001547805 -0.316850691 0.006072359 0.201093529
225.300000 -0.000736699 0.007304541 -0.002878585 -0.289165642 -0.004999839 0.296010775
225.400000 0.001978165 0.005714589 0.003747715 -0.276943368 0.004969990 0.249626878
225.500000 -0.002614971 0.003276634 -0.003659174 -0.217430228 -0.003617329 0.102525232
225.600000 -0.002922954 0.003536579 -0.001956105 -0.177642196 -0.001029661 0.091653558
225.700000 -0.005827187 0.000069440 -0.000707119 -0.032562625 0.002007855 0.070458898
225.800000 -0.001437416 -0.001585468 0.003679301 -0.076636591 0.003344670 0.007743933
225.900000 0.001038994 -0.000191779 0.000550064 -0.095097677 -0.005362618 0.019243966
226.000000 -0.002254057 0.003344292 -0.000857644 -0.005809281 -0.006366991 -0.045729064
226.100000 0.005154864 0.001083822 0.001457060 0.085120207 -0.004395120 -0.019331733
226.200000 -0.003082065 -0.002623933 0.001158415 0.131665449 -0.002286297 -0.290779985
226.300000 0.001113239 -0.001411950 -0.006851328 0.263540105 -0.003336309 -0.311324261
226.400000 -0.002290559 -0.001333527 -0.000244308 0.406330192 -0.000445617 -0.453027484
226.500000 -0.002912880 -0.001428647 -0.002048647 0.467798306 -0.000435893 -0.489188876
226.600000 -0.001163094 -0.005821475 0.002633740 0.669437652 -0.001904483 -0.538974509
226.700000 -0.000189489 -0.008372968 -0.000727414 0.558251108 0.003030245 -0.660921532
226.800000 0.005667960 -0.007885408 -0.001808914 0.704194175 0.005451231 -0.758942583
226.900000 0.003537108 -0.009411098 -0.002259293 0.781707229 -0.000563736 -0.872734672
227.000000 -0.000879926 -0.008156317 -0.003331897 0.955035514 0.000452809 -1.032107409
227.100000 0.002656620 -0.003602961 -0.000205127 0.912082743 0.004222023 -0.946461386
227.200000 0.000101902 -0.008590771 -0.000468934 0.675904713 -0.005257945 -0.855925640
227.300000 -0.001779633 -0.004090977 -0.002968855 0.726658275 0.000003913 -0.746806171
227.400000 0.002847108 -0.008708433 0.003115150 0.632604428 0.003785203 -0.795188192
227.500000 0.001578985 -0.004341651 -0.004881886 0.660684447 0.017999045 -0.609645982
227.600000 0.000407844 -0.001667951 -0.000237798 0.532462989 0.003035503 -0.588368799
227.700000 0.005992200 -0.002732636 -0.000452229 0.529100727 -0.003031979 -0.541573274
227.800000 -0.000043503 -0.003254390 -0.001388403 0.369433696 0.009001890 -0.489389359
227.900000 0.001174500 -0.006128973 0.001702318 0.310729054 0.001134782 -0.400259511
228.000000 0.002577347 -0.006938584 0.000824433 0.264778527 0.000277245 -0.314735834
228.100000 0.000121749 -0.005574171 -0.003082363 0.170697879 0.016847932 -0.298314539
228.200000 -0.001416718 -0.000064309 0.004044366 0.199177109 0.005161491 -0.169043291
228.300000 -0.002081539 -0.000675756 0.001745031 0.062614020 0.007011061 -0.120926164
228.400000 0.001176889 -0.000613293 -0.003585623 0.008405303 -0.007117605 -0.049323261
228.500000 -0.001201089 -0.003492494 -0.000514957 -0.084316898 0.007198001 0.084337537
228.600000 -0.000526284 0.002538377 -0.003692249 -0.076244517 0.001894849 0.110080139
228.700000 0.003801866 0.003395015 0.000952661 -0.277772486 -0.005958656 0.235124940
228.800000 -0.000017900 -0.001225651 -0.001010156 -0.320921496 -0.006247345 0.277585497
228.900000 0.000321808 0.001659429 -0.001417149 -0.382070527 -0.003642173 0.370224318
229.000000 -0.004008728 0.002934430 0.003412772 -0.479091652 -0.003352384 0.364106437
229.100000 0.003077156 0.000970674 0.001415612 -0.443339819 -0.002148889 0.288216897
229.200000 0.002928406 0.000563911 0.005607622 -0.343675651 -0.005309444 0.306728076
229.300000 -0.001317627 0.000424116 -0.000894092 -0.379788786 -0.001689165 0.262519651
229.400000 -0.001193713 0.005326869 0.001105662 -0.346697081 -0.003389559 0.248508966
229.500000 0.002009708 0.001057023 0.005461768 -0.322707516 -0.003140365 0.126668792
229.600000 -0.002864062 0.001975515 -0.002192787 -0.175101936 -0.001582188 0.229901814
229.700000 0.001032067 -0.001325451 0.002833262 -0.203184514 -0.005089515 0.155084224
229.800000 0.006109666 0.007695345 -0.002277052 -0.215911932 -0.006163125 0.185682936
229.900000 -0.002703046 0.001748456 -0.005849354 -0.246245487 -0.001487348 0.105860356
230.000000 0.000569608 0.002722996 0.004751513 -0.204695496 -0.004214845 0.152295014
230.100000 0.004339116 0.001144529 0.000545399 -0.269257578 -0.002837705 0.095804618
230.200000 -0.001549197 0.004441713 0.001863572 -0.170032877 -0.012687761 0.186600913
230.300000 -0.000229514 0.006836215 -0.000046075 -0.130275636 -0.007870169 -0.007118063
230.400000 -0.002267434 -0.000127006 -0.003682328 -0.065441227 -0.004363286 0.096292117
230.500000 -0.006122371 0.004316609 -0.002617963 -0.085617476 -0.004735683 0.058656829
230.600000 -0.001278258 0.000079668 0.002736405 -0.156471321 -0.015530210 0.009685327
230.700000 0.005776473 0.005490862 -0.000571372 -0.064880830 -0.003059913 0.029701122
230.800000 0.004279130 0.002961527 -0.000996431 0.051476818 -0.008447484 -0.032057475
230.900000 0.000621579 0.000661409 -0.000718331 -0.042541027 -0.008618940 -0.061023580
231.000000 0.001331017 -0.000746602 -0.001369656 -0.038311739 -0.004130108 -0.054360559
231.100000 0.001605747 0.001276403 0.003563672 0.019744218 -0.005131599 0.058213290
231.200000 0.002000416 0.003974593 0.000850254 0.028762939 -0.004734243 -0.091715099
231.300000 -0.004101300 -0.002078580 -0.000197592 0.019874001 0.001167686 0.020519708
231.400000 0.002006853 -0.001218522 -0.003938251 -0.005952738 0.002884445 -0.079624358
231.500000 -0.000324026 -0.001630999 0.000420391 -0.104322409 0.003152617 -0.037359663
231.600000 -0.003186365 -0.001477682 0.003409166 -0.057413240 0.004214185 0.030866342
231.700000 0.001368810 -0.002231940 0.000048069 -0.043083344 -0.000271926 0.015633487
231.800000 -0.005046287 -0.003542045 0.001285605 0.012429031 0.003603026 -0.055804685
231.900000 -0.003073084 -0.002392171 0.002399761 -0.046362027 -0.006086356 0.051244831
232.000000 -0.002563839 -0.004337687 -0.002092032 -0.101169227 0.002506668 -0.019213954
232.100000 0.000078386 -0.006587896 0.006629944 -0.038192242 0.004196480 0.005122287
232.200000 0.004434242 -0.001073868 0.002391195 -0.034638251 0.004543895 -0.059859875
232.300000 -0.006111052 -0.002929027 -0.002481613 -0.023966238 0.008235556 -0.026675630
232.400000 0.000467781 -0.010468021 -0.000515546 0.026729262 -0.005148150 -0.071472736
232.500000 0.000863155 -0.002687314 0.003740858 -0.013000884 0.007223678 -0.132941710
232.600000 0.002863678 -0.009167326 0.000610364 0.065786397 0.015933138 -0.193277245
232.700000 0.003965698 -0.006782806 -0.000052947 0.104704870 0.016582349 -0.140220269
232.800000 0.003461738 -0.004292056 0.000189883 0.119524108 0.008428024 -0.202138914
232.900000 0.009120014 -0.007130563 -0.000720141 0.192370717 0.013792920 -0.262137143
233.000000 0.006659001 -0.010295462 0.002820490 0.152938124 0.003567205 -0.316738425
233.100000 0.008431784 -0.009746326 0.000546870 0.178315805 0.021067196 -0.287016249
233.200000 0.003676240 -0.011713563 0.003083120 0.272713287 0.017268776 -0.251387181
233.300000 0.004743894 -0.015132630 0.000596215 0.202112732 0.013584045 -0.186612262
233.400000 0.009833222 -0.007982306 -0.000932715 0.195148097 0.006790634 -0.248354076
233.500000 0.006816137 -0.008033952 -0.003003204 0.267275261 0.010477747 -0.259834254
233.600000 0.008280413 -0.007520247 0.002219447 0.138322506 0.014706237 -0.266131067
233.700000 0.006124217 -0.008168952 0.002198284 0.184270702 0.008183021 -0.236679791
233.800000 0.003590520 -0.004482085 0.001911533 0.297002064 -0.000450468 -0.216820735
233.900000 0.008839167 -0.005705727 0.001895710 0.094812803 0.003287207 -0.308641773
234.000000 0.008754838 -0.009005551 0.000761470 0.234350828 0.007364686 -0.230837209
234.100000 0.008804127 0.002315874 -0.000482950 0.229120627 0.004003274 -0.282122338
234.200000 0.008559500 -0.002015628 0.001436073 0.078040777 0.004178595 -0.195319557
234.300000 0.003170796 0.000510324 0.000833935 0.005783395 -0.010072749 -0.070893473
234.400000 0.001093093 0.001320569 -0.005187582 -0.031752412 -0.004445100 -0.061455162
234.500000 -0.001110753 -0.002256127 -0.001526523 -0.045624103 -0.005555057 -0.035637079
234.600000 -0.002507540 0.001512541 -0.006171244 -0.175899310 -0.004857237 -0.023317093
234.700000 -0.008311386 0.006027605 -0.003525244 -0.180632982 -0.012773379 0.069157843
234.800000 -0.007905298 0.005437453 0.002105136 -0.083007675 -0.016224326 0.111989844
234.900000 -0.006886275 0.008418138 -0.006135113 -0.254143420 -0.001780248 0.176228876
235.000000 -0.009117066 0.012471963 -0.000484423 -0.232080245 -0.013282277 0.236435210
235.100000 -0.012261887 0.010542335 -0.002089327 -0.255422029 -0.015773884 0.152399032
235.200000 -0.014071377 0.008291800 -0.002991308 -0.281419359 -0.016327103 0.157746235
235.300000 -0.006640337 0.006875426 -0.000954855 -0.196063472 -0.009106663 0.265757157
235.400000 -0.010475886 0.006851262 -0.004379949 -0.275673845 -0.007487595 0.279203249
235.500000 -0.009549129 0.007343148 -0.001302919 -0.224168996 -0.013171163 0.268600460
235.600000 -0.005348229 0.005490238 0.002956805 -0.322049315 -0.009180042 0.250092280
235.700000 -0.009976611 0.014080233 -0.001190801 -0.241812701 -0.008511977 0.307932400
235.800000 -0.009854584 0.005694812 0.001262321 -0.267489299 -0.009443474 0.257949524
235.900000 -0.010682892 0.005413747 0.000820001 -0.262749660 -0.013488998 0.122135923
236.000000 -0.016342360 0.001697002 -0.003384175 -0.241774731 -0.003298761 0.192032561
236.100000 -0.008482059 0.003709773 -0.005510003 -0.162423032 -0.011501271 0.071609081
236.200000 -0.007135143 0.004863753 -0.002776716 -0.190857867 -0.004926140 0.097670609
236.300000 -0.005870547 0.005705488 0.001259583 -0.196871548 -0.001500270 0.104463988
236.400000 -0.008791443 0.001765333 0.003446123 -0.110505689 -0.008259541 0.153843806
236.500000 -0.005309087 -0.000027812 -0.001367505 -0.199007954 -0.015179488 -0.008127795
236.600000 -0.004835907 -0.001428893 -0.001782911 -0.072420005 -0.004476521 0.087524593
236.700000 -0.002787689 0.000967718 -0.001908555 -0.009882291 0.000904511 0.075896566
236.800000 -0.002233745 0.001140983 -0.000190008 -0.025474183 -0.001639915 -0.016362170
236.900000 0.004957502 0.001839490 0.000842345 0.012551325 -0.005259461 0.004954538
237.000000 0.004718854 0.000003863 0.001674683 0.022402191 0.008599020 -0.035073417
237.100000 -0.000153365 -0.001948246 -0.000798675 -0.013850144 0.005741926 -0.041463974
237.200000 -0.001976864 0.002405624 0.002621553 0.009100733 -0.000200869 -0.067314537
237.300000 0.005148800 -0.000189822 -0.002279686 -0.004709193 0.004030953 -0.032358186
237.400000 0.000928691 -0.002951550 -0.001722123 0.057662150 0.008107258 -0.078417830
237.500000 0.003111933 0.002517492 0.001266932 -0.025488314 0.010974244 -0.033096977
237.600000 0.003632258 -0.001824802 0.001757513 -0.008084020 -0.002033624 -0.132901731
237.700000 0.001329046 -0.003279119 -0.001351419 0.128759296 0.003673096 -0.073266137
237.800000 0.002434130 -0.006895747 0.000426915 -0.010147224 -0.003041121 -0.128151766
237.900000 0.006311547 0.002458496 0.001920234 0.050592808 0.008386462 -0.116891093
238.000000 0.008590853 -0.003248174 0.002280867 0.064252198 -0.002191563 -0.069417805
238.100000 0.002862970 0.000435656 0.005171627 0.035578869 -0.000891292 -0.137838083
238.200000 0.008334787 -0.002995005 0.001310697 0.076908314 -0.000827025 -0.026724517
238.300000 0.005373948 -0.003951882 -0.003102157 -0.031137207 0.001985879 -0.060762341
238.400000 0.002671207 -0.003157957 -0.000324845 -0.059254417 0.006886315 -0.101212792
238.500000 0.000601905 -0.000785084 0.001755889 -0.035180869 -0.000149799 0.010323455
238.600000 0.003843891 0.001030510 -0.000407002 0.047758278 0.003264960 -0.050119620
238.700000 0.005470460 -0.001105298 0.003483602 0.020783773 0.002901067 -0.060797122
238.800000 0.000312065 0.000148984 0.001353312 -0.021807618 -0.001699071 -0.035779492
238.900000 0.002031553 0.002294969 -0.001964055 -0.051970413 0.005220488 -0.094765744
239.000000 -0.001773752 -0.001006343 -0.000869772 0.001221108 0.009410842 -0.044252408
239.100000 -0.001440897 -0.001102620 -0.005484417 -0.051687034 -0.004315992 -0.003172410
239.200000 -0.005198942 0.001248550 0.000186606 -0.097473273 0.003484919 -0.033539402
239.300000 0.001188598 -0.002085158 -0.002508715 -0.045505204 -0.004265726 0.012591905
239.400000 0.001016661 -0.000460130 0.000996014 -0.008103131 -0.003339619 -0.061505920
239.500000 0.001844115 -0.000941473 -0.006371459 -0.091553880 -0.003973866 0.008548351
239.600000 0.001695153 -0.001873169 -0.002484758 0.017174685 -0.003769905 -0.086039943
239.700000 0.000069854 0.004265916 -0.003416267 -0.139387452 -0.003158165 0.017093802
239.800000 -0.009157549 0.003353704 0.000262623 -0.055518379 -0.000774074 -0.013095200
239.900000 -0.001160931 0.000085772 0.001037406 -0.004658992 -0.007256105 0.016609570
240.000000 -0.002910869 -0.000018975 -0.001669313 -0.029325787 -0.011770433 -0.075263812
240.100000 -0.007919679 -0.000715049 -0.002930562 0.013551691 -0.003894706 0.042378355
240.200000 -0.004567875 0.002404850 0.001003262 -0.156045789 -0.003732291 0.060289632
240.300000 0.001753272 -0.001571357 -0.000455990 -0.016401989 -0.003227463 0.005642159
240.400000 -0.002954605 0.005734721 -0.000047801 -0.064246070 0.002846354 0.022496157
240.500000 -0.001347882 -0.000302119 0.000614099 -0.051104513 0.003712336 -0.008361696
240.600000 0.003366707 -0.000053653 0.002850512 -0.036652744 -0.003296262 -0.021494775
240.700000 -0.001585387 0.004296205 -0.001677646 -0.028240421 0.004456390 0.008638606
240.800000 0.001270111 0.002298173 -0.001581034 -0.007846169 -0.002659813 -0.063344011
240.900000 -0.003742963 -0.000547973 0.000409165 -0.103427104 -0.007280520 -0.031225723
241.000000 -0.000031398 -0.002592148 0.001155746 0.019027666 0.004080609 -0.015418249
241.100000 -0.001594295 -0.000081911 -0.002501221 0.028148948 0.001495526 -0.014232674
241.200000 0.005973714 0.001656237 -0.000215376 0.027133963 0.003387227 -0.072155903
241.300000 -0.000186118 -0.001742952 -0.000182977 -0.093401261 0.001553115 -0.024520017
241.400000 0.002691726 -0.002344583 0.001386063 0.036710993 0.005280000 0.062908559
241.500000 -0.002418640 -0.003682772 -0.003583479 -0.022326294 0.007930014 0.037285558
241.600000 0.002340444 -0.002494847 0.000672662 -0.045452643 0.002256998 0.023130290
241.700000 0.001700879 -0.005545109 -0.000049536 -0.057183023 0.000259401 -0.038395111
241.800000 -0.001460269 -0.009695741 -0.000330446 -0.225883465 0.004130748 -0.051960467
241.900000 0.000541370 -0.005260583 -0.003301707 -0.060810262 0.007653061 0.103921478
242.000000 0.002876768 -0.006289680 -0.001445198 -0.114792655 0.004459838 0.052637611
242.100000 -0.004834798 -0.007137661 0.002906240 -0.043338596 0.001809133 -0.041873319
242.200000 0.002605212 -0.005164946 -0.002305648 -0.096889660 -0.000084564 0.017557602
242.300000 -0.000434552 -0.005946754 0.001986563 -0.050667561 0.002860487 0.043932899
242.400000 -0.002000472 -0.007076173 0.001971680 -0.048270772 0.006746660 0.080844794
242.500000 -0.000911004 -0.003557526 0.000418013 -0.011171673 0.007917555 0.035387973
242.600000 -0.001602989 -0.000246902 -0.001333742 -0.091392085 -0.006820255 0.060136005
242.700000 -0.004835667 0.000659699 0.001458281 -0.049399033 0.005398969 -0.050077261
242.800000 -0.000302498 0.000481422 -0.000753428 -0.048218971 0.006037845 0.068203546
242.900000 -0.002770140 -0.003727615 -0.002508646 -0.098559177 -0.012752632 0.136071586
243.000000 -0.000980471 -0.000003734 0.004715419 -0.056727294 0.000479211 0.007480314
243.100000 -0.000829533 -0.000675761 -0.001871189 -0.046518570 0.001312524 -0.007199169
243.200000 0.000958714 -0.000157167 0.003646787 -0.098570540 -0.004649851 -0.059369907
243.300000 -0.007979615 0.001521079 -0.002812257 -0.021382508 0.002632782 -0.030730372
243.400000 -0.003749649 0.001269830 -0.003178962 -0.064563461 0.005436116 -0.010844016
243.500000 0.000228847 -0.003085411 0.000215637 0.030835553 -0.005721563 -0.098721425
243.600000 0.000125209 0.003416835 -0.002286329 0.019254435 -0.000092935 -0.109901483
243.700000 -0.000962119 -0.001361778 -0.001449471 0.007533825 0.007218332 0.005250594
243.800000 -0.002834280 0.003055612 0.006287599 -0.006331718 -0.002744975 -0.105680738
243.900000 0.000419884 0.004443600 -0.001375207 0.056003578 0.000329200 -0.066426429
244.000000 0.000446181 0.004812163 -0.001439328 -0.054615262 -0.006351698 -0.074732933
244.100000 0.001438317 0.000010595 0.002233135 -0.012200090 0.001099979 -0.022485923
244.200000 -0.002455086 -0.000800648 0.001191659 -0.047915197 -0.003196217 -0.013014901
244.300000 0.005607955 0.000890207 -0.000719650 0.023527763 -0.011297221 -0.121336911
244.400000 0.000374328 -0.005088674 -0.003205170 0.057468546 0.005079476 -0.028866296
244.500000 -0.005859539 0.000215078 0.001125867 -0.038682074 -0.006401214 -0.047439855
244.600000 -0.002963361 0.000420742 0.003942529 0.014562832 -0.005769150 0.052220287
244.700000 -0.002090585 0.003268607 -0.001703678 0.024219196 -0.005959415 -0.074024181
244.800000 0.002674273 -0.003647588 -0.000261629 0.010925076 0.007241644 -0.095402437
244.900000 -0.001980500 -0.002681085 -0.002358267 -0.095188796 -0.002656606 0.117083499
245.000000 -0.003511492 -0.000384249 -0.002562311 -0.077238795 -0.002248394 -0.000312385
245.100000 -0.003372922 -0.004977697 0.005684604 -0.074049867 -0.005042083 0.034854878
245.200000 0.003046034 -0.001799832 0.001463026 -0.073716837 -0.003621688 -0.046095940
245.300000 -0.002690678 -0.001103112 -0.001266615 -0.090710252 -0.001711794 0.103966795
245.400000 -0.003462896 -0.002119424 0.001279451 -0.072027598 -0.005146389 0.071896249
245.500000 -0.002370782 -0.001859242 0.000737731 -0.026946673 0.001644068 -0.035144823
245.600000 -0.002972439 -0.001680788 0.000820937 -0.020000448 -0.004858222 -0.051595028
245.700000 -0.001380872 -0.003192995 0.000966210 -0.138419892 -0.002526281 0.029652073
245.800000 -0.005967246 -0.001800345 -0.007506534 -0.013991832 -0.001335104 0.036304213
245.900000 -0.005982978 -0.005338722 -0.003340261 -0.107428453 0.005404375 0.143854315
246.000000 -0.005132054 -0.000119069 -0.000387379 -0.091056580 -0.000838701 0.089167224
246.100000 -0.005491586 -0.003879694 0.000206843 -0.130584970 -0.004532956 0.014682172
246.200000 -0.005928234 0.000679940 -0.001130120 -0.115786049 0.001581699 -0.017506888
246.300000 0.001045472 -0.001179115 0.002554643 -0.017032924 -0.000106516 0.034369604
246.400000 -0.003311046 0.000451342 -0.003380994 -0.052652525 0.001626821 -0.026105082
246.500000 -0.003918415 0.001389124 -0.002626507 -0.029608736 0.000684769 0.028808278
246.600000 -0.000936236 0.000304729 -0.004794470 -0.036213713 -0.006384689 -0.032306242
246.700000 -0.000940259 0.001916073 0.001044723 0.038632104 -0.001269886 -0.027582414
246.800000 0.001028203 0.000324405 -0.002601775 -0.019593901 -0.003559175 -0.022660767
246.900000 0.001606381 0.001087490 -0.000976176 0.001931514 -0.001923384 -0.004142091
247.000000 0.000841173 0.001466578 0.002776361 -0.021779160 -0.009462784 0.003485587
247.100000 0.006296493 0.006096177 -0.003062515 0.029160242 0.001488942 -0.075195289
247.200000 0.004315815 0.005150114 0.000875194 0.068680677 -0.002460489 -0.073748564
247.300000 0.004054716 0.003970009 0.005048855 0.075838050 0.003258504 -0.146358462
247.400000 -0.002599739 0.001525512 0.004538070 0.055742771 -0.007463200 -0.026123762
247.500000 0.001675994 0.002993566 0.002294820 0.051506427 0.006221787 -0.078723626
247.600000 0.006454770 0.004046483 0.004538047 0.012665318 0.005067359 0.001747112
247.700000 -0.001185588 0.006107270 0.000327429 0.072966213 -0.004320148 -0.141494225
247.800000 0.000725947 -0.000955090 0.000991294 -0.019452881 0.001410023 -0.156207356
247.900000 0.000249689 0.013235181 0.000287632 -0.008719090 0.001499408 -0.121514400
248.000000 -0.001282106 -0.002576424 0.003364399 0.058917983 -0.006393334 -0.146141129
248.100000 0.004430133 0.004318514 -0.001555772 0.058534544 -0.005658977 -0.010840217
248.200000 0.003625392 0.006460862 -0.000618044 -0.034862338 0.002750445 -0.048067394
248.300000 0.005023939 0.001523255 0.000958606 -0.030844526 0.005947398 -0.211126225
248.400000 0.000589611 0.003611861 -0.001152814 0.008019837 0.000434182 -0.033556210
248.500000 0.002426463 0.004076476 0.000406388 0.060120656 0.010820260 -0.064758799
248.600000 0.003331713 0.000532876 0.002443665 0.046277415 -0.006747457 0.041821511
248.700000 -0.003784775 0.003143080 0.001898649 0.141604138 -0.001858345 -0.131916521
248.800000 0.000112633 -0.001418161 0.001287747 -0.029746882 -0.007931306 -0.076424269
248.900000 0.004242729 0.001989076 0.000266601 -0.026406074 -0.006286942 -0.044525430
249.000000 0.000493068 0.003251026 0.001766097 0.052781350 0.007460378 -0.037976040
249.100000 0.000247683 -0.003259723 0.000588845 -0.120415078 -0.003252417 0.012931971
249.200000 -0.003615038 -0.004793208 -0.001711545 0.027104697 -0.003576543 -0.048142496
249.300000 -0.003434918 0.001873269 -0.000361343 0.075750522 0.001919527 -0.010513319
249.400000 0.000538564 -0.004148504 0.001223017 -0.065626451 0.003547990 0.009510225
249.500000 -0.001358301 -0.003474330 -0.002984013 -0.077681857 -0.000547643 -0.005904336
249.600000 -0.005754495 -0.003459381 0.006638082 -0.064941752 -0.007329602 -0.013045889
249.700000 -0.004341021 -0.000171369 0.002426579 -0.099251803 0.001410835 0.019856472
249.800000 0.001375935 -0.001390313 0.002316617 -0.026551955 -0.007296096 0.015753100
249.900000 -0.002689570 -0.003624809 -0.000939456 -0.101192578 -0.007576572 0.023115554
250.000000 0.001316309 -0.005753420 0.002121306 -0.087553712 0.003342918 0.108283604
250.100000 0.002286056 -0.003478380 0.002331535 -0.048964024 0.005027104 -0.075823148
250.200000 0.001569370 -0.000383842 0.003942975 -0.047578790 0.006132890 0.059781379
250.300000 0.001101263 -0.004810488 0.000187196 -0.024621634 0.004664290 -0.061680348
250.400000 -0.003086003 -0.003071029 0.002252228 -0.016595337 -0.005316441 -0.039815505
250.500000 -0.002096728 -0.002963241 -0.001653750 -0.034987562 0.001192225 -0.033500578
250.600000 -0.007775246 -0.002024753 -0.001189159 -0.000659767 0.001577214 0.022941648
250.700000 0.001256328 -0.000694159 -0.002339495 -0.097749598 -0.003970373 0.059671673
250.800000 -0.000208461 -0.003601144 0.000598437 -0.159662834 -0.005919561 -0.155347939
250.900000 -0.000675291 -0.004963582 0.002309097 0.065209807 0.001442471 -0.039862644
251.000000 -0.001113646 -0.002456632 0.003233871 -0.072938937 -0.003055228 0.012508519
251.100000 -0.000852104 -0.001986682 0.002969337 0.023178594 -0.006104778 -0.033211724
251.200000 -0.004752559 0.000196219 0.000129357 -0.070498239 0.002801559 0.001588780
251.300000 0.004765799 0.003909448 -0.000747899 -0.030376196 -0.004037037 -0.035707171
251.400000 0.002528248 0.001387960 0.002905533 0.001324842 0.007472375 -0.145431833
251.500000 -0.001648358 0.002384299 0.003323625 -0.085440013 -0.004718916 0.020624025
251.600000 -0.002017998 -0.002355406 -0.000295003 0.043717720 -0.001707192 0.002894305
251.700000 0.002456004 -0.000765475 -0.003034225 -0.010005758 0.004359647 0.018752151
251.800000 0.002380528 -0.001038115 -0.002222929 0.011451035 -0.002222107 -0.022326167
251.900000 0.007885633 0.000683955 -0.001031570 -0.001824007 0.002239072 -0.077832699
252.000000 0.002434015 0.000875158 0.000554119 0.063052500 -0.001052453 -0.042382363
252.100000 -0.000235632 0.000103803 -0.002919340 0.047168386 -0.003409707 -0.146770280
252.200000 0.002870791 0.002972875 0.001850873 0.088810803 0.004923997 -0.067805944
252.300000 0.002673404 0.005104397 0.003030331 -0.004898400 0.002118151 -0.048916118
252.400000 0.001759611 0.002050882 0.001161292 0.037413242 -0.003825926 -0.120663514
252.500000 0.001697704 -0.001346623 0.002505113 0.018745615 0.007088009 -0.068285738
252.600000 0.000113987 0.001517447 0.000098819 0.047356192 0.008014793 -0.127793381
252.700000 0.006369016 -0.000775179 0.005562766 0.008255887 -0.003635803 0.045335897
252.800000 -0.003550655 -0.002960978 -0.003931186 -0.000661131 0.008166910 -0.157497053
252.900000 0.001012228 -0.001951572 -0.000956140 -0.003933201 0.003423121 -0.052004324
253.000000 0.005416956 0.003319637 0.002303914 0.062109739 0.000629035 -0.033036116
253.100000 0.001419016 -0.003869901 0.002426381 -0.024248816 -0.001500992 -0.131771261
253.200000 0.003979617 0.003008531 -0.001380386 -0.056161166 0.002581551 0.007673795
253.300000 0.003444028 -0.004825012 0.000872145 0.016169111 0.006281624 -0.021809404
253.400000 0.002628770 -0.001321429 0.001854892 -0.082803909 0.002601005 -0.090323262
253.500000 -0.003904658 -0.000435760 -0.003500205 0.024418267 -0.005218177 0.050254093
253.600000 -0.001129523 0.001370388 0.000991107 -0.036287362 0.003796776 -0.090301370
253.700000 -0.000908995 0.001143269 -0.000116226 -0.028278411 0.004538790 -0.017503228
253.800000 0.003635674 -0.007585612 -0.002033327 0.033302770 0.000641378 0.005397140
253.900000 0.001409154 0.003200313 -0.001038721 -0.087205582 0.000316427 0.096047084
254.000000 0.001353843 0.000860308 -0.004052488 0.022400945 -0.004170938 0.073284038
254.100000 0.000265283 -0.001713062 0.000053138 -0.021447999 -0.002752884 -0.071885686
254.200000 0.000304016 -0.001747452 -0.001254434 0.052084944 0.003527301 -0.077989509
254.300000 -0.000438016 0.001254421 -0.000835738 -0.065524189 -0.009243630 -0.074634750
254.400000 -0.000714105 0.002070568 0.002934867 0.011837278 -0.002967705 -0.020512566
254.500000 -0.000927032 0.003377457 0.000216962 -0.099764107 0.004737110 -0.009908715
254.600000 -0.004326350 -0.000709631 0.001186937 -0.034362048 -0.006565968 -0.030515913
254.700000 -0.006216009 -0.003708325 0.003293492 -0.088140405 0.006104646 -0.010088603
254.800000 -0.003062814 0.001547937 0.000622320 -0.042718066 0.007034532 0.059947678
254.900000 -0.004126634 -0.001757948 0.001162034 -0.027628300 -0.000497062 0.001771186
255.000000 0.001631644 0.000559007 -0.001300450 -0.048575965 0.004692353 0.045461636
255.100000 -0.002726141 0.002287286 -0.002536064 -0.007293255 0.003325355 -0.040273397
255.200000 0.001147774 0.001697854 0.000260473 -0.043978184 0.001042240 0.015091624
255.300000 -0.005246296 -0.000726335 0.001802974 -0.116470579 0.008474284 -0.030457493
255.400000 -0.006857448 -0.002041305 -0.000079820 -0.072275891 0.004210773 0.036652210
255.500000 0.001403731 -0.001192727 0.003366059 -0.041545195 0.011995544 -0.063242665
255.600000 -0.001645120 0.000543695 -0.000802193 -0.053652613 -0.001266665 -0.028417343
255.700000 0.001952926 -0.001047163 -0.000987824 -0.011067223 -0.001483513 -0.049587954
255.800000 -0.000966896 0.001052303 -0.001255219 -0.156931028 -0.004615446 0.009766307
255.900000 -0.003820338 0.000525349 -0.000959681 -0.024544974 0.002982822 -0.052547793
256.000000 0.000720369 -0.000736605 0.000020633 0.022410946 -0.005576958 0.065450250
256.100000 -0.000763512 -0.000182889 -0.000755112 -0.074371296 0.000781758 0.055602114
256.200000 -0.004493930 0.001643465 0.003371993 -0.054884739 -0.006628337 0.076636617
256.300000 -0.002008575 -0.003166642 -0.000154998 0.015481523 -0.000192869 0.059978519
256.400000 0.001656716 -0.002840916 0.001147982 -0.087536619 0.010000967 -0.004782031
256.500000 0.002417255 -0.002417998 -0.005788551 -0.149492716 0.001869279 0.041390555
256.600000 0.000538072 -0.001767905 -0.000947663 -0.111270795 -0.002818241 0.024998420
256.700000 0.001009112 -0.000321664 -0.002090489 -0.130641325 -0.002002386 -0.008668052
256.800000 -0.000419726 -0.003386444 0.002094731 -0.080135192 -0.004707990 0.002385501
256.900000 0.001782162 -0.005549086 -0.004902091 -0.064554679 -0.003593959 0.112666853
257.000000 0.002424464 -0.003853822 -0.001534650 -0.086092833 0.006912290 -0.031347520
257.100000 0.002250442 -0.000756684 0.005294904 0.001276917 0.007051320 0.037521282
257.200000 -0.002999049 0.001430617 -0.000216497 -0.012182694 -0.005081589 -0.014641640
257.300000 -0.001813736 -0.004940557 -0.002156407 -0.105857854 0.004250604 0.003627765
257.400000 0.000202115 -0.005959408 -0.001533004 -0.070746555 -0.005435406 0.030579760
257.500000 -0.003294338 -0.001936387 -0.003373163 -0.041680294 0.002665144 0.139886644
257.600000 -0.006759928 -0.003122581 0.003382645 -0.068163413 -0.000840452 0.009777396
257.700000 -0.005023312 -0.004288635 0.001469338 -0.105042687 -0.006374834 0.031454038
257.800000 0.002325852 -0.002909304 -0.002944819 -0.165107708 -0.000034723 0.045866574
257.900000 -0.006935229 -0.002867278 -0.003063603 -0.116828250 0.004283836 -0.014790000
258.000000 -0.010009819 -0.002638683 -0.002962614 -0.099218285 -0.005285575 0.101601306
258.100000 -0.002104731 -0.005051820 -0.000434122 -0.168546694 -0.002537825 0.080236636
258.200000 -0.006709337 -0.001504423 0.002659524 0.005655580 -0.004494638 0.041438165
258.300000 -0.003535386 -0.001869997 0.002328275 -0.105060398 -0.001850893 0.036976327
258.400000 0.000381247 -0.000806307 -0.003502693 -0.037818549 0.003233525 0.059869941
258.500000 0.001847109 0.001050469 0.003307565 -0.081784969 0.000592067 -0.092148975
258.600000 -0.003078834 0.002101549 -0.002203695 -0.021148314 0.000202592 0.040646991
258.700000 -0.001198473 0.000995448 0.006773161 -0.001807970 -0.010213961 0.050524021
258.800000 -0.004224634 0.003017417 0.003890501 -0.026432864 -0.001859947 -0.148641117
258.900000 -0.000515782 0.001950294 0.001075764 -0.005646204 -0.004515033 0.008836329
259.000000 -0.000535327 0.002572827 0.004942017 0.043536518 0.005615842 -0.070996044
259.100000 -0.000087300 0.004605165 0.003185453 -0.058035787 -0.003992399 -0.108977745
259.200000 -0.001908818 0.004016704 0.003464492 -0.061610117 -0.002799290 -0.120256116
259.300000 -0.000917391 0.004710172 0.003958294 -0.091865440 0.000425878 -0.101115252
259.400000 0.000360953 0.006357080 0.000377830 0.010032652 -0.003815351 -0.056836928
259.500000 0.004623732 0.001999158 0.003351342 -0.013162080 -0.005036152 -0.118999054
259.600000 0.001938444 -0.001439715 0.000534312 0.078072587 -0.004619415 -0.077418221
259.700000 0.003133379 -0.000720190 0.004172417 0.123278376 0.007847925 -0.054155857
259.800000 0.004871920 0.003757234 0.008867594 0.058899519 -0.007570001 -0.096593750
259.900000 0.003017497 0.000090260 -0.000008215 0.050297628 -0.000874614 -0.098994332
260.000000 0.003165329 0.008016814 0.001190184 0.133461534 -0.006409367 -0.118290795
260.100000 0.005616950 -0.003929582 0.004222595 -0.001407185 -0.005281385 -0.122736245
260.200000 -0.001468991 0.001612473 0.004238617 0.108221518 0.006016002 -0.088638663
260.300000 0.002774692 -0.000433428 0.003777788 0.056706890 0.005889039 -0.152179175
260.400000 0.002097850 0.000744636 0.003009351 0.092362684 -0.008364038 -0.096105898
260.500000 0.002998293 0.001702220 0.000057657 -0.126025511 0.009274249 -0.128449379
260.600000 0.003681606 0.002066047 0.006087546 0.037119934 0.009438118 -0.092968609
260.700000 0.002354270 0.002309037 0.001679074 0.032712908 0.001495986 -0.051743659
260.800000 -0.000599776 -0.000512384 -0.002516089 -0.126908172 -0.006560974 -0.083615855
260.900000 -0.003345165 0.001729252 0.003899069 0.006573853 -0.001095221 -0.030886957
261.000000 -0.001101870 -0.002654151 -0.000943808 -0.036434548 0.007132602 -0.028998585
261.100000 0.005862713 0.001430335 -0.000172361 -0.093035657 -0.002734470 -0.090342412
261.200000 -0.001349125 -0.004282516 -0.000005218 -0.005778395 0.002963691 -0.069027862
261.300000 -0.002921323 -0.002227603 -0.000123773 -0.064353445 -0.008225866 -0.076420691
261.400000 0.001500714 -0.003297026 0.003498344 -0.054114349 0.005285205 -0.083161239
261.500000 -0.005249800 0.001329668 -0.001884259 0.119963704 -0.003455677 -0.019694580
261.600000 0.002820440 -0.000345855 -0.000968354 -0.001470138 0.004809302 -0.078596246
261.700000 0.000019054 0.002507189 0.000838280 -0.147279930 -0.005191723 -0.065590145
261.800000 0.000834741 0.000653113 0.000255837 0.064023359 0.006579285 -0.117912697
261.900000 0.001158944 -0.003824500 -0.003983513 0.063334727 0.001877553 -0.096049874
262.000000 0.002412199 0.005733182 -0.002360918 0.047684645 -0.001027029 -0.005412268
262.100000 0.001547545 0.001388261 -0.003495935 0.003988534 0.014008365 0.010737842
262.200000 0.000954085 -0.000287741 -0.001362201 -0.039420523 -0.002108816 -0.052920978
262.300000 0.001330743 -0.003738751 0.001666738 -0.011071554 -0.001490592 -0.046856803
262.400000 -0.006213097 -0.004560283 -0.000202652 0.032120249 0.000884721 0.026259592
262.500000 0.002441154 -0.001139092 0.003730683 -0.070505427 -0.005239124 0.020791465
262.600000 0.004062638 0.000969494 0.000774673 0.047902248 0.006924108 -0.044306389
262.700000 0.003090706 -0.000222407 0.002564088 0.013531885 -0.001683883 0.052562104
262.800000 -0.001145111 0.002693482 0.000601392 -0.087668581 0.000765872 -0.010536882
262.900000 -0.000380659 -0.001578635 -0.003585098 -0.008342996 -0.003654588 0.066566155
263.000000 -0.000039844 0.000129345 -0.000853925 0.018630401 0.000077921 0.026005144
263.100000 -0.000407667 -0.001459192 -0.003688754 0.076283149 0.004049950 -0.076486883
263.200000 -0.001011144 -0.003907614 0.000444934 -0.012433963 0.008643718 -0.049183827
263.300000 0.002622668 -0.000233321 -0.000072940 -0.035764066 0.002683621 0.043187547
263.400000 0.000440322 0.000498207 0.004140196 -0.135580973 0.001028627 0.060358551
263.500000 -0.005911273 -0.005877856 -0.001196847 -0.097339873 0.004225945 0.010188646
263.600000 -0.001569430 -0.003122714 0.002064461 -0.075605921 0.004492303 0.005701728
263.700000 -0.000036403 -0.004666836 0.000523094 -0.110380283 0.013792433 0.037557499
263.800000 -0.009413815 -0.005778071 0.001111229 -0.102934185 0.009605430 0.003730330
263.900000 -0.005453092 -0.006009611 -0.001281686 -0.079536716 0.002257803 0.024308935
264.000000 -0.004945059 -0.008281082 0.001576924 -0.133593145 0.003572356 0.001146775
264.100000 -0.007404669 -0.008716439 -0.002979205 -0.058702357 0.006571987 0.018267504
264.200000 -0.006341184 -0.007328536 -0.004245632 -0.155158138 0.009248482 0.051856663
264.300000 -0.003739433 -0.011700022 -0.000541066 -0.096702638 -0.001235661 0.111165269
264.400000 -0.005760074 -0.008022986 0.001518520 -0.038475205 0.009828372 0.179247586
264.500000 -0.004646216 -0.009024024 -0.001508897 -0.104831519 -0.001671169 0.079897456
264.600000 -0.001480626 -0.005507566 0.003244362 -0.102306519 0.011316657 -0.010559606
264.700000 0.000137747 -0.006997783 0.004285661 0.011462992 0.009869779 0.097860798
264.800000 -0.002073192 -0.010854937 -0.003672906 -0.036584602 0.011166529 0.104668591
264.900000 0.002291429 -0.007592370 0.003727986 -0.076759381 0.005658132 0.049224365
265.000000 0.004554717 -0.012255567 0.001588175 -0.098530544 0.004187920 0.071186533
265.100000 -0.000441324 -0.011453794 -0.000534576 -0.074802593 0.005729198 0.017926129
265.200000 0.000101360 -0.007822634 0.000990350 -0.086290081 0.009168516 -0.034914084
265.300000 -0.002554293 -0.005867151 0.001056639 -0.114080075 0.004611118 -0.015686272
265.400000 0.000691775 -0.004614801 -0.000248131 -0.083462519 0.002532606 -0.003970143
265.500000 0.002150623 -0.000000676 -0.001319478 0.006403379 -0.002418502 -0.010513435
265.600000 -0.000843040 0.001167764 0.000850287 -0.014167514 -0.000878470 -0.050826229
265.700000 0.000058781 0.002312031 0.000996165 -0.042756355 -0.000453789 0.010495079
265.800000 0.002082039 0.006631022 -0.000506762 0.103638328 -0.002552450 -0.043164298
265.900000 0.002797745 0.001341346 -0.005009713 0.088283421 -0.000733269 -0.027412442
266.000000 0.002197819 0.003147858 0.005785602 0.058886768 -0.000168851 -0.169176089
266.100000 0.000525444 0.006103652 0.002781321 -0.026490243 -0.000903501 -0.152961557
266.200000 0.003961078 0.011302075 0.000838049 0.076690964 -0.011018747 -0.077390986
266.300000 0.000391734 0.004424699 0.001328117 0.047921295 -0.008852312 -0.171935134
266.400000 0.003432465 0.002730554 0.002692594 0.067979903 -0.007255823 -0.081160004
266.500000 0.001235297 0.007477838 0.003213986 0.092809644 -0.002880678 -0.112183690
266.600000 0.006310469 0.008409626 0.001277458 0.055057186 -0.001880136 -0.005628594
266.700000 -0.000365515 0.006255175 0.000547340 0.048523270 -0.010469280 -0.039407956
266.800000 -0.002722312 0.007260816 0.001912005 0.126414026 -0.006446614 -0.083681596
266.900000 0.005360403 0.010886781 0.005524928 0.020134557 0.001135573 -0.084825799
267.000000 -0.001299345 0.003110793 0.005941965 0.125310812 -0.006311550 -0.100742080
267.100000 -0.003788249 0.010638334 -0.000530488 0.034810036 0.002327977 -0.136234032
267.200000 -0.003689883 0.006337227 -0.001360756 0.025852858 -0.006887048 -0.076636617
267.300000 0.001031843 0.003888924 -0.001949909 -0.013744052 -0.004953620 -0.148859896
267.400000 0.001648171 0.010571873 0.001783752 -0.001144585 -0.004699264 -0.096788145
267.500000 -0.000485148 0.004066748 0.001609550 0.076487193 -0.012793250 -0.156928375
267.600000 0.000549384 0.000044557 0.000414898 0.029802336 0.003772562 -0.044521713
267.700000 -0.001019569 0.001119960 0.001622134 -0.031228498 -0.003228284 -0.005081141
267.800000 0.005892686 0.008356128 -0.002260739 -0.001517439 -0.005645986 -0.035085952
267.900000 -0.002133485 0.001236537 0.000791351 0.028892057 -0.002103884 0.043633405
268.000000 -0.000939968 0.002609491 0.002543704 -0.074627931 -0.012796869 -0.063620505
268.100000 -0.004312540 0.000637318 0.002551065 0.035635451 -0.016480751 -0.108809407
268.200000 0.000794023 -0.000613697 0.000408694 -0.034438810 0.001459889 -0.037743917
268.300000 -0.003228165 0.000720640 -0.000761375 0.007076509 -0.005440511 -0.023459024
268.400000 -0.004810094 -0.000135369 0.001956002 -0.023685475 -0.004035213 -0.018416273
268.500000 -0.000339955 -0.003815150 -0.000114575 -0.101512239 -0.002860453 -0.041771278
268.600000 -0.003901226 -0.003259622 -0.002357120 -0.005055481 0.001113295 -0.075481116
268.700000 -0.002787181 0.002935572 -0.001555126 -0.008140761 -0.014313807 0.028559750
268.800000 -0.000464347 0.000010358 -0.003527128 -0.064917437 0.007792651 -0.016033703
268.900000 -0.004292433 -0.001370628 0.000224623 -0.079695007 0.005991683 0.003332725
269.000000 -0.005816283 0.001881771 -0.000334931 0.039111986 0.007742760 -0.020507125
269.100000 0.000961431 -0.000995962 -0.000407234 -0.062272209 0.001329217 -0.048787865
269.200000 -0.001670971 -0.004875708 -0.000390272 -0.052004728 -0.001150302 0.168470908
269.300000 -0.004451076 -0.004006652 0.001941364 -0.104179597 0.002197688 -0.055891971
269.400000 -0.002581183 -0.001399342 -0.000074829 -0.022333843 0.007189041 0.035274796
269.500000 -0.001264448 -0.003447081 -0.001580684 -0.040313828 0.006737290 -0.022638303
269.600000 -0.003227459 0.002845404 -0.001224312 -0.032405850 0.004281982 -0.055234524
269.700000 -0.003668477 -0.002216629 -0.000703838 -0.056451842 0.009059816 0.007537350
269.800000 -0.003723835 -0.000202134 0.001206397 -0.025329979 -0.001505716 0.004721603
269.900000 -0.002840608 -0.005531989 0.003804760 -0.117599048 0.002967721 0.120977183
270.000000 0.002949188 0.001473247 0.000966273 -0.034072441 -0.001824932 -0.010626266
270.100000 -0.003597564 -0.002433970 0.002351142 -0.034250481 0.000472591 -0.042164190
270.200000 0.004835770 -0.002870367 0.003808456 -0.064452016 0.001482809 -0.041832655
270.300000 0.000679695 -0.003637127 0.003229797 0.111172800 0.000364124 -0.093729678
270.400000 -0.001486454 -0.000738266 0.001764439 -0.005029938 -0.002659879 -0.050943348
270.500000 0.003479632 -0.000329440 -0.000049840 0.042091641 -0.000142551 -0.094102320
270.600000 0.000989042 -0.003148207 0.005185485 -0.006722164 0.002437484 -0.079160534
270.700000 0.001417783 0.004317201 -0.008057441 -0.068239503 0.002286338 -0.092961520
270.800000 0.003375011 -0.000657184 -0.001135553 0.077796302 0.001222634 -0.048682674
270.900000 0.005424311 0.005788850 0.001018228 0.041248148 -0.005957864 -0.113541977
271.000000 0.003195659 0.001375092 0.000492237 0.076595270 0.002458306 -0.179803245
271.100000 0.005404876 0.003230727 -0.000828906 0.054025899 0.002284912 -0.082524967
271.200000 0.007093055 0.002771397 0.003647613 0.016735202 -0.005818179 -0.006238152
271.300000 0.000003215 0.001722558 -0.000980330 -0.006256392 -0.000048418 -0.045101003
271.400000 0.004598143 0.002441602 0.004175876 0.039443742 -0.004580719 0.002115142
271.500000 0.002933223 0.007551440 0.006898076 -0.080224422 -0.002937478 -0.104598121
271.600000 0.000962225 -0.000615324 0.001901032 0.044018484 -0.008145680 -0.081076441
271.700000 0.000343731 0.000581712 -0.001652232 0.031239785 0.002425109 -0.098302949
271.800000 0.004052740 0.002138176 -0.005179087 -0.066627713 0.008096825 -0.022168105
271.900000 -0.001055472 -0.003660379 0.003456110 0.059382150 0.008237081 -0.037208895
272.000000 -0.003545848 -0.001644508 -0.000838788 0.023020007 -0.007184785 0.008689342
272.100000 0.000333290 -0.003210695 -0.003374999 -0.016311587 -0.001392255 -0.046105367
272.200000 -0.000210171 -0.003880403 0.005780268 0.018571247 -0.006251102 -0.062564714
272.300000 -0.002296384 0.001595864 -0.002392332 -0.056569366 -0.002734860 -0.039906928
272.400000 0.001830940 -0.003256557 0.003642025 -0.045016701 0.011207645 0.029437146
272.500000 -0.001709135 -0.000933144 0.001907957 -0.054706764 -0.000457375 0.058520421
272.600000 -0.002367775 -0.001917229 -0.003414350 -0.067727449 0.006706364 -0.010105780
272.700000 -0.001481011 -0.001338996 -0.001382551 -0.075557317 0.003641819 -0.042977784
272.800000 0.000485047 -0.001163690 -0.005882975 -0.008756195 0.008009524 -0.023870163
272.900000 0.001365209 -0.008309272 0.002348326 0.009208626 0.009061911 0.007908872
273.000000 -0.003516365 -0.004006175 0.003066648 -0.024851447 -0.003392652 -0.034748804
273.100000 -0.003237600 -0.005062569 0.003291022 -0.005303281 0.002617223 -0.075530433
273.200000 0.000463604 -0.002186841 -0.000341208 -0.040092000 0.004668882 0.011839223
273.300000 -0.005187642 -0.002107652 -0.000303976 -0.021942559 0.003449985 -0.044839408
273.400000 0.000648370 0.000223407 -0.005245186 0.029713420 0.016430292 0.028271245
273.500000 -0.000861535 -0.008734786 -0.003177905 0.033555885 0.003849762 0.040144930
273.600000 -0.002989319 -0.001130917 0.000119810 -0.060849897 0.004671600 -0.047966775
273.700000 -0.001846659 -0.002369898 -0.001072904 -0.022014340 -0.003483296 0.077517918
273.800000 -0.002335417 -0.000126497 -0.000455826 -0.084689011 -0.000797291 0.029654642
273.900000 -0.003118916 0.001043639 0.000933282 -0.133329828 0.002112693 0.053814158
274.000000 -0.002312605 0.003280175 0.003251597 -0.061828181 0.015095481 0.056883009
274.100000 -0.004333055 0.000827904 -0.001596020 -0.021239455 -0.002587134 0.054195384
274.200000 -0.000261680 0.003203806 -0.001189378 -0.104536462 0.003051354 0.020423271
274.300000 -0.004090425 -0.001644405 0.003996549 0.096835862 0.009189542 0.058679940
274.400000 0.001615087 -0.003358157 -0.000595535 -0.063311446 -0.000905545 0.000128085
274.500000 -0.004141916 0.003013858 0.002300995 -0.042118023 -0.001330899 0.047352017
274.600000 0.003053177 -0.000334921 -0.003954304 -0.055565097 0.006240313 0.033371144
274.700000 -0.002477409 -0.000409614 -0.002030692 -0.067829085 -0.001179906 -0.023099703
274.800000 -0.004062359 0.001912309 0.002830515 -0.047509215 0.003868281 0.082052392
274.900000 -0.005215923 -0.000380037 -0.003167614 -0.006294923 0.005780165 -0.142846084
275.000000 -0.001607991 0.003409956 -0.000761162 -0.126361798 -0.006915156 0.049474909
275.100000 -0.006160511 -0.000199274 -0.002113161 0.036717593 -0.002592161 -0.110459477
275.200000 -0.000582918 0.001949769 -0.001718800 -0.160494601 0.007673284 0.003517327
275.300000 0.003611562 0.002922394 0.001434449 -0.091243312 -0.004318430 0.027863780
275.400000 -0.001136219 0.001788248 0.000236443 0.036838263 0.007025554 -0.020545712
275.500000 -0.002575172 0.001960351 -0.002460937 -0.011145521 0.001247920 -0.072999665
275.600000 -0.000195565 0.003468823 -0.002359726 -0.030132821 -0.007567749 -0.076766308
275.700000 0.002898905 0.004484107 0.001881170 0.008264031 -0.002576377 -0.062821630
275.800000 0.003370356 0.004086885 0.005193260 0.004398651 0.000610702 -0.049096953
275.900000 0.000917332 0.008126475 -0.001400276 0.057489385 -0.005305363 -0.030125298
276.000000 0.001790120 0.002890139 -0.001882312 -0.025490246 -0.005218854 -0.093203837
276.100000 -0.000227047 0.006982952 -0.000235173 -0.001380104 -0.006554700 -0.027208010
276.200000 -0.000456515 0.006487687 -0.000822854 -0.018434709 -0.002707516 -0.074390764
276.300000 0.001209916 0.001450759 -0.000873341 0.018302613 -0.000522031 -0.026205879
276.400000 -0.000560397 0.004779069 -0.005927281 -0.040935447 -0.001847455 -0.054220784
276.500000 -0.001423065 0.003635352 -0.002740514 -0.071621618 -0.004100939 -0.031471388
276.600000 -0.000068623 0.005790294 0.000483792 -0.096285647 -0.001576896 -0.068173463
276.700000 0.002437181 0.003628208 -0.002073083 -0.001201166 -0.007884719 -0.026274881
276.800000 -0.000603150 -0.001154540 -0.000235369 -0.036331107 -0.001639876 -0.059467139
276.900000 -0.002049765 0.000399492 -0.003524716 -0.020725275 -0.006454569 0.006116475
277.000000 -0.002352509 -0.000825216 -0.000581565 -0.047231530 0.005969699 -0.055561653
277.100000 -0.000189010 -0.003332150 -0.007010600 -0.024076773 -0.000058453 -0.026141488
277.200000 -0.005614496 0.000877019 -0.002890755 -0.044083585 -0.001642219 0.002836848
277.300000 -0.000760957 0.002453371 0.002169513 0.018476332 -0.001717075 -0.106700718
277.400000 -0.004278489 0.000127169 -0.001576535 -0.078514216 -0.000832421 -0.029820009
277.500000 -0.002321332 -0.001534981 -0.000030121 -0.009346539 -0.004889120 0.005686627
277.600000 -0.000880279 -0.001277610 -0.004084853 -0.145821160 0.002119166 -0.093631866
277.700000 -0.005251611 -0.001790681 0.001828710 -0.074972915 0.009043270 -0.028690596
277.800000 -0.006451969 -0.004888808 -0.003987284 -0.073058758 0.008909570 -0.012526598
277.900000 -0.004575573 -0.003815833 -0.001531820 -0.051970307 0.001632757 -0.002791271
278.000000 -0.000140925 -0.004953273 0.001447089 -0.072826600 0.002180643 -0.034443179
278.100000 -0.005515776 -0.005358617 -0.006895047 0.000551018 -0.000800871 -0.000049124
278.200000 -0.003222746 -0.003262543 -0.000077070 -0.038044632 0.001236825 0.064469709
278.300000 -0.003814016 0.002320067 -0.003916529 -0.081624685 0.002136869 -0.014559920
278.400000 -0.003214346 0.001316304 0.003373424 -0.132588675 0.004289897 -0.022875135
278.500000 0.000191265 -0.006248879 -0.001976953 -0.158286227 0.008812600 -0.081469382
278.600000 0.001440470 -0.003210627 0.000979155 0.011295142 0.001083963 0.008520495
278.700000 -0.000917166 -0.005845540 -0.001827206 -0.008275601 0.000386237 -0.031916772
278.800000 -0.001332297 -0.007106722 -0.005249812 -0.010649391 -0.001854298 -0.115389822
278.900000 -0.005386317 -0.005249645 -0.000271373 0.006904816 0.001191524 -0.013354489
279.000000 -0.001901016 -0.005544907 0.001144872 -0.082562012 -0.000929306 0.028636390
279.100000 0.000907466 -0.003091628 -0.000331797 -0.051850746 -0.002731875 0.013973932
279.200000 -0.002423317 -0.004713929 -0.001490526 0.044725315 0.005220294 -0.044629117
279.300000 0.002634449 -0.002453961 -0.002600500 -0.137082186 0.005558710 -0.062655060
279.400000 -0.003250736 -0.003866551 -0.003362503 0.028807549 0.000005859 -0.059079755
279.500000 0.000286989 0.000413045 -0.000744933 -0.018739526 0.000416589 -0.038425648
279.600000 -0.000685837 0.003902903 0.001316221 -0.002659621 -0.002707532 -0.056558116
279.700000 0.001671688 0.004244218 -0.003376648 -0.050278711 0.002630515 -0.060083663
279.800000 0.005441208 0.004638043 -0.002172161 0.046313833 0.007174698 -0.028124411
279.900000 0.000939734 0.006662860 -0.001307623 0.091285203 0.002260588 -0.013453509
280.000000 0.003062225 0.005151175 -0.003533982 0.071053709 -0.007070161 0.005376545
280.100000 0.001399256 0.002749405 -0.007017460 -0.093517978 -0.001477131 -0.010430462
280.200000 0.003128820 0.006439741 -0.001141539 -0.064566108 -0.005276686 -0.040305622
280.300000 -0.000656718 0.005715527 0.000802913 0.001611026 0.002860096 0.011433437
280.400000 0.002344276 0.006690383 -0.000132222 0.050012496 -0.004589509 -0.065077788
280.500000 0.002792943 0.008699002 -0.005235497 0.013543913 -0.005940645 -0.014935594
280.600000 0.001826291 0.007123461 0.004403183 -0.036007148 -0.011101158 -0.033596232
280.700000 0.001446510 0.001417531 -0.004062035 0.019576642 -0.002176415 0.002609069
280.800000 0.003825582 0.005386429 -0.000439414 -0.051144951 -0.009511004 -0.059404955
280.900000 0.004493739 0.007212607 0.000943330 0.002367340 -0.012085349 -0.080289258
281.000000 0.006835174 0.004361146 -0.002699501 0.082696029 -0.004989777 -0.041357431
281.100000 0.001369250 0.010126382 -0.000853280 -0.006732555 -0.013454834 0.004340626
281.200000 0.001260233 0.006939287 -0.000779071 -0.047402228 -0.014437082 -0.078083572
281.300000 0.006856355 0.005836845 0.001577228 -0.038876595 -0.018864139 -0.064538500
281.400000 0.003983281 0.006303857 0.002723427 0.011435097 -0.005889398 -0.012790517
281.500000 0.002086618 0.006212919 0.001790690 -0.067406145 -0.004760562 -0.004220473
281.600000 0.005998461 0.006003502 -0.000113434 -0.005655782 -0.002567804 -0.092937055
281.700000 0.002811200 0.005902115 0.000543276 0.011609850 -0.011455054 -0.065665476
281.800000 0.004305451 0.003502257 -0.001242898 -0.000838084 -0.004952676 -0.079129906
281.900000 0.007944756 0.003844433 -0.002882799 0.038903396 -0.008757127 -0.049487890
282.000000 0.006145287 0.002611867 -0.002018331 0.002279152 -0.009757825 -0.062344723
282.100000 0.005620300 0.000792058 -0.001096915 0.010454660 0.005937093 -0.117881226
282.200000 0.005264419 0.003437536 -0.001337089 0.039624823 0.003818623 -0.079525548
282.300000 0.002276063 -0.000159434 0.003600501 -0.015487218 0.002305354 -0.067838667
282.400000 0.009026206 0.002823374 0.004038089 -0.109434399 -0.000224757 -0.050028291
282.500000 0.002955757 -0.005209852 0.000925226 -0.004276894 0.000049149 -0.041501239
282.600000 -0.000987084 -0.007714285 -0.001053964 0.002043785 -0.000186728 -0.031405444
282.700000 0.002887074 0.000015853 0.001967738 -0.014753804 0.008095412 -0.073906280
282.800000 0.000167327 -0.006001292 0.004032479 -0.066398299 0.002250933 -0.061610030
282.900000 -0.001750852 -0.002709841 0.000603436 -0.100523115 0.002103306 0.039868769
283.000000 -0.002143406 -0.001548235 -0.001203072 0.039176194 0.001019580 -0.061700468
283.100000 -0.004937188 0.001670145 -0.001661171 -0.086176847 0.008986279 0.105332790
283.200000 -0.002658885 0.000831837 -0.001987928 -0.088000797 -0.000328594 -0.089364860
283.300000 -0.003782709 0.001036046 -0.001330262 -0.024142310 0.000413173 0.074922014
283.400000 -0.000899716 0.002004898 -0.001494633 -0.014131840 -0.001206166 -0.004169949
283.500000 -0.000797126 0.001156011 -0.000498709 -0.016301390 -0.002642664 0.013424444
283.600000 0.000553408 0.003110359 -0.003291504 -0.119082009 -0.003406275 -0.035587213
283.700000 -0.004426894 0.004119596 -0.003683047 -0.073301548 0.008023013 0.102746342
283.800000 -0.004422801 0.003682038 -0.003387678 -0.056256153 0.000551042 0.025846680
283.900000 -0.009437291 0.004303212 -0.007180039 -0.058836110 -0.004011536 -0.003022133
284.000000 -0.002493414 0.005558681 -0.000025246 -0.080456735 -0.003391309 0.026575092
284.100000 -0.007218385 0.007750420 -0.007610337 -0.030398259 -0.004635834 0.021118425
284.200000 -0.007220836 -0.000218536 -0.002192463 -0.097166743 -0.003590671 0.004551247
284.300000 -0.000249267 -0.000126937 -0.008120411 -0.110367138 -0.005738668 -0.037376236
284.400000 -0.002973993 0.002683173 -0.001376495 -0.121366056 -0.002912858 -0.069796179
284.500000 -0.003527854 0.000468114 -0.004311215 0.018194316 -0.007654085 -0.003104037
284.600000 -0.005867348 0.005240601 -0.000433483 -0.020236862 -0.006575618 0.145921232
284.700000 -0.002877299 -0.001006841 -0.006825501 -0.020970882 -0.002946157 -0.019564563
284.800000 -0.002299323 -0.006036881 -0.004155777 -0.103535204 -0.006930238 0.025036210
284.900000 -0.001567181 0.000441819 -0.001464164 -0.062677107 -0.012251604 -0.042818484
285.000000 0.002338266 0.002123883 -0.003469820 -0.139505927 -0.002863246 -0.081267792
285.100000 -0.004200413 -0.002526833 -0.005711678 -0.138378732 -0.003562934 -0.067771550
285.200000 0.003411859 -0.001543446 -0.003669640 0.061315980 -0.000620946 -0.019180722
285.300000 0.002750778 0.000948960 -0.002101732 -0.038725853 0.006246446 -0.051597016
285.400000 0.000121099 -0.003331072 -0.003988567 -0.027774256 0.002344238 -0.067037520
285.500000 0.000287324 -0.001583594 -0.003651361 0.028246010 0.002898196 -0.119540958
285.600000 0.005097289 -0.009047755 0.000223144 0.010440520 0.012587181 -0.021259547
285.700000 0.002447933 -0.004370171 0.001973106 -0.082180593 0.008976834 -0.033880905
285.800000 -0.001535399 -0.006845055 -0.000542379 0.013313506 0.001066753 -0.111995918
285.900000 0.003452440 -0.008559330 -0.000295986 0.050170895 0.018347566 -0.148468406
286.000000 0.001916698 -0.007093408 0.001234254 -0.101977967 0.002525101 -0.124597703
286.100000 0.005212938 -0.006436497 0.002913872 0.040318911 0.013655897 -0.008593728
286.200000 0.005899136 -0.004399854 -0.002985710 0.029893049 0.011285387 -0.083018072
286.300000 -0.001524467 0.002522947 0.004519641 0.024879061 -0.005684793 0.012828314
286.400000 0.000712372 -0.002221026 0.001608044 -0.016128066 -0.000365229 -0.163021593
286.500000 -0.004003874 0.000346891 -0.003678549 -0.001020199 0.003468029 -0.006425350
286.600000 0.002802125 0.003574762 0.000500434 -0.015414268 0.005088135 -0.001921432
286.700000 0.002993708 -0.000126434 0.003367085 -0.015395126 -0.005595745 -0.060602027
286.800000 0.004000464 0.003720992 -0.003085013 -0.051606103 -0.002367367 -0.051423364
286.900000 0.001544342 0.003186264 0.002554273 0.066781757 -0.004259653 0.047353447
287.000000 0.001243189 0.004977777 0.000053163 -0.052263975 -0.017790403 -0.021338411
287.100000 -0.002246407 0.008008195 0.001333718 -0.053254153 -0.001054199 -0.157727807
287.200000 -0.001818760 0.006270567 -0.005610441 -0.052529051 -0.007322611 -0.038853915
287.300000 -0.002590286 0.002532727 -0.005411364 -0.010322045 -0.006543434 -0.028357846
287.400000 0.000274102 0.003684566 -0.001242801 0.026191873 -0.007585064 0.028581514
287.500000 -0.001200918 0.009899400 -0.001785633 0.013673426 -0.003229857 0.027866958
287.600000 -0.006732580 0.001748780 0.000136629 -0.071843249 -0.005300908 -0.027192695
287.700000 -0.002040771 0.003083097 0.002313312 -0.045720964 -0.010807608 -0.045763106
287.800000 -0.003537646 0.006444439 -0.000929373 -0.050081735 -0.007239337 -0.098710771
287.900000 0.000165735 0.006023658 -0.001535961 -0.157734279 -0.008430085 -0.053486166
288.000000 -0.003311057 -0.001055552 -0.000445379 -0.023508086 0.001165758 -0.054515660
288.100000 -0.005113757 0.002078647 -0.001096958 0.010186345 -0.006241070 0.013478412
288.200000 0.000723248 0.000338549 -0.002790782 -0.025216425 0.001918948 -0.110693586
288.300000 -0.001817917 -0.002139944 -0.004214082 0.002469520 -0.008360566 -0.012309572
288.400000 -0.001441414 0.001409349 -0.001199580 -0.001433113 -0.004612656 0.040982400
288.500000 0.001260605 -0.005370846 -0.002283870 -0.043521291 -0.001882561 -0.038031340
288.600000 0.001987573 -0.004891699 0.000821364 0.036182826 -0.002975895 -0.044744724
288.700000 0.002094219 -0.000329128 -0.002119426 -0.076220898 0.005214474 -0.055757700
288.800000 -0.000801566 -0.010007126 0.001987920 0.071669102 0.005017201 -0.013775234
288.900000 0.000220834 -0.004481988 0.000786840 -0.086980303 -0.004942923 0.006101743
289.000000 -0.003353479 -0.002380494 -0.000471080 -0.050626928 0.013759906 -0.006377602
289.100000 0.004229224 -0.000747945 -0.003638726 -0.085828103 0.008364128 -0.043479298
289.200000 -0.001168844 -0.009231819 -0.003201780 -0.075792056 0.003873389 -0.005953170
289.300000 0.002463233 -0.009159320 0.002487770 0.070833401 0.003168848 -0.118767115
289.400000 0.001751437 -0.001962545 0.000778690 0.014347178 0.005403578 -0.060457208
289.500000 0.003513552 -0.004676533 -0.003802266 0.068863874 0.005502368 -0.056555615
289.600000 0.004518176 -0.006953684 -0.002051751 -0.056875715 0.002842906 0.024742163
289.700000 0.002221638 -0.004819908 0.001445625 0.057885258 0.010013967 -0.026962288
289.800000 0.002685118 -0.006164198 0.002218192 0.001574629 0.012485610 -0.088459187
289.900000 0.003862148 -0.010883323 0.004668999 0.019728279 0.005324949 0.027247546
290.000000 -0.000365707 -0.005170573 0.004341972 -0.051570868 0.007114614 -0.040534680
290.100000 0.005939442 -0.004906474 -0.002181361 0.074280880 -0.002615881 0.053215285
290.200000 -0.000322147 -0.004984828 0.004553398 -0.031288168 0.011675609 0.020128221
290.300000 0.001640232 -0.005840920 -0.000292613 -0.016657784 0.013235530 0.011322502
290.400000 -0.001888694 -0.011256349 -0.000090577 -0.053014517 0.006627549 -0.033223965
290.500000 -0.000344088 -0.008081597 0.001759438 -0.068751881 0.000769386 -0.019374891
290.600000 -0.002630064 -0.010368733 0.002765035 -0.102196146 0.019570081 0.046957049
290.700000 0.001711871 -0.009859200 0.001611356 -0.011783977 0.003512679 0.068178290
290.800000 0.000117738 -0.004841501 0.000378263 -0.010545329 0.011275018 -0.005854501
290.900000 -0.001117012 -0.004958453 -0.000919310 -0.014282155 0.009719276 0.023542045
291.000000 -0.005285220 -0.008056644 -0.000649283 -0.002183449 0.003578605 -0.023513220
291.100000 -0.004243006 -0.007005423 -0.000590066 -0.000751509 0.008308667 0.007916064
291.200000 -0.003616529 -0.004102881 -0.002986463 -0.031726393 0.000658055 0.018889248
291.300000 -0.001561241 -0.005627486 -0.000907745 -0.057170494 -0.001715920 0.004244427
291.400000 -0.005790333 -0.003419836 -0.002383153 -0.056638077 -0.012357760 -0.025896248
291.500000 -0.002406130 0.002817904 -0.003496487 -0.090792957 0.003871946 -0.025620935
291.600000 -0.003281007 -0.000870781 -0.004649154 0.031361146 0.000551759 -0.052628151
291.700000 -0.000268782 0.005158216 -0.004158842 0.005208820 0.004815039 -0.014113460
291.800000 -0.003376351 0.004736453 -0.005131623 -0.004531441 -0.001245443 -0.006588681
291.900000 -0.000317996 0.006726575 -0.002880240 -0.007110478 -0.013374894 -0.038334900
292.000000 -0.001030940 0.009354639 -0.001168971 -0.023554388 -0.000836165 0.002836400
292.100000 0.001974047 0.008926669 -0.001647579 0.042591449 -0.007109112 0.003279999
292.200000 -0.004578842 0.008686785 0.000161648 0.089488358 -0.016431078 0.008635113
292.300000 0.001036739 0.005160082 -0.002729113 0.021337537 0.001402542 -0.085193099
292.400000 0.002859573 0.007618034 -0.003832336 -0.096546179 -0.015560695 0.028587635
292.500000 0.000496458 0.005834691 -0.005844572 -0.004609398 -0.009378015 -0.075572929
292.600000 0.003009030 -0.000270582 -0.002588570 0.012833045 -0.017138758 -0.100244300
292.700000 0.004359093 0.006447868 -0.000863636 -0.006759855 -0.017134827 -0.080287214
292.800000 0.004004008 0.008550943 0.000296498 -0.001194934 -0.000696329 -0.097772614
292.900000 -0.000743919 0.006831695 -0.002414630 0.093878150 -0.017441124 -0.063833804
293.000000 0.003895762 0.007620240 -0.001141142 0.032277408 -0.013804483 -0.163306152
293.100000 0.003870697 0.003850616 0.000895597 0.009886828 -0.007598351 -0.107904299
293.200000 -0.001992098 0.005207212 0.001688761 0.074405554 -0.013523878 0.009759329
293.300000 0.004712649 0.002824226 0.001307698 -0.104659153 0.005480874 -0.063674822
293.400000 -0.003591209 0.009067866 0.000913153 -0.114905752 -0.009148905 -0.080310659
293.500000 -0.004323744 0.000396159 0.000134801 0.012303529 -0.008592793 -0.003444869
293.600000 0.000391397 0.002220394 0.003258770 -0.058556145 0.001258943 -0.106793717
293.700000 -0.006359129 0.000546309 -0.002218815 -0.050185868 -0.003404496 -0.036568562
293.800000 0.000001979 0.000316213 0.001324919 -0.062175057 -0.007468935 -0.010402755
293.900000 -0.003922819 0.004022160 -0.002056629 -0.105719429 -0.002349249 0.003700262
294.000000 -0.005698843 -0.003644147 -0.000087350 -0.091643694 0.003950155 0.070604027
294.100000 -0.004991057 -0.000504120 0.007486138 0.023968699 -0.012030917 0.034526581
294.200000 -0.002536579 -0.002681813 -0.000827099 -0.153005921 -0.004307978 0.005564644
294.300000 -0.005883117 -0.000492780 -0.001272009 -0.007563731 0.007101923 0.017599070
294.400000 -0.006036417 -0.002279986 0.003665730 -0.075416133 -0.002426932 0.120808598
294.500000 -0.010375481 -0.004511377 0.001368569 -0.080866148 0.001163591 0.080342636
294.600000 -0.010304771 -0.004248451 0.000103607 -0.080900174 -0.001567459 0.028675353
294.700000 -0.004874326 -0.004514807 -0.005592749 -0.017698592 0.007957914 0.016706797
294.800000 -0.004283357 -0.003094352 -0.000550749 -0.034905158 0.007107331 0.031371956
294.900000 -0.006892707 -0.005470291 -0.003990786 -0.092612776 0.010463514 0.043408134
295.000000 -0.000248223 -0.006482955 0.000283173 0.022116546 0.004493966 0.028577579
295.100000 -0.005303472 -0.004777926 -0.001231147 -0.056038108 -0.003704311 0.025342699
295.200000 -0.008890395 -0.008749715 0.001578400 -0.096604243 0.008260763 0.064721181
295.300000 -0.001525511 -0.005248759 0.000429033 -0.005954635 -0.002362377 -0.025695074
295.400000 -0.003131816 -0.007656558 -0.000750322 -0.055590171 -0.004258631 0.055482407
295.500000 0.001680551 -0.002382005 0.002035652 -0.006921669 0.000364369 -0.042127063
295.600000 -0.000272881 -0.001630041 -0.003551762 -0.082619589 0.000102596 0.011440199
295.700000 -0.001850097 0.001871472 0.003399483 -0.032670116 0.000833828 0.015504136
295.800000 0.001349530 0.000726864 0.000669395 -0.071324226 0.006932556 0.051318530
295.900000 0.000546400 0.000339429 -0.000339274 0.004855166 0.003116995 -0.065880684
296.000000 -0.000393438 -0.006737588 -0.000994847 0.041636413 0.005746216 -0.011434113
296.100000 0.000380753 0.001500596 -0.001869030 -0.028166827 -0.005372142 -0.085427215
296.200000 0.001457121 0.003477762 -0.004218992 0.009785306 -0.004906654 -0.049683428
296.300000 0.000309111 -0.001259998 -0.000781929 0.049093137 -0.000304183 -0.067754759
296.400000 0.000399394 0.002516681 0.001147090 -0.089618314 0.002654695 -0.118498982
296.500000 -0.002538866 0.003242377 0.000111889 0.060215132 0.001032421 -0.118805853
296.600000 -0.000299390 -0.001381537 -0.003937881 0.004009354 -0.004364980 -0.129910808
296.700000 0.001740024 0.004896958 0.002254353 0.044462209 -0.002350450 -0.060755043
296.800000 0.000459598 0.007995475 0.001822823 0.045311224 -0.004609984 0.003052294
296.900000 0.003107652 0.005045683 0.000194148 -0.040002032 -0.018484072 -0.092730542
297.000000 0.004649796 0.004788115 -0.000758448 0.096500578 -0.007027851 -0.102143680
297.100000 0.004040824 0.006803420 -0.001716470 0.078518019 -0.008786401 -0.107376295
297.200000 0.000844320 0.005666349 -0.001440569 0.078480211 -0.011832453 0.009981547
297.300000 0.000745075 0.006817158 -0.003324110 -0.064198933 -0.012627047 -0.079489669
297.400000 0.002438586 0.006018154 -0.003969052 0.012502786 -0.003290269 0.057613802
297.500000 0.001683721 0.008038908 -0.004961421 -0.024101423 -0.017052600 -0.067655668
297.600000 0.000886315 0.009885071 -0.000036424 -0.018319111 -0.013449766 -0.060522590
297.700000 0.004412364 0.011416030 -0.005123134 0.073420262 -0.010164318 -0.007556636
297.800000 0.002950752 0.006528473 -0.000650556 -0.045767992 -0.014126179 -0.027919059
297.900000 -0.002345478 0.012163486 -0.006012041 0.031681683 -0.019442348 0.078873380
298.000000 -0.000624440 0.011149460 -0.003393790 0.042967307 -0.019878413 -0.025867330
298.100000 -0.003173626 0.010320560 -0.000236679 -0.098402022 -0.007378685 -0.109504825
298.200000 -0.003808923 0.003860837 -0.003281863 0.034097754 -0.008696661 -0.043531874
298.300000 -0.000889191 0.006916720 -0.003456736 -0.003736733 -0.007650384 -0.030177601
298.400000 0.000481951 0.004674154 0.000743308 0.057992767 -0.009845386 0.006224617
298.500000 0.004945701 0.006106466 0.000543670 -0.015884815 -0.007709221 -0.025528421
298.600000 0.001679529 0.000688826 -0.001311406 -0.044470192 -0.008617606 -0.144227370
298.700000 -0.000218795 -0.000616023 0.002427920 0.094709898 0.000404214 -0.003850260
298.800000 -0.001678976 0.000008120 -0.000400668 -0.113103126 -0.001478535 -0.015734682
298.900000 0.001243603 -0.001074842 -0.000752033 -0.014667677 -0.000125344 0.013748969
299.000000 0.001814282 -0.000294154 0.006460106 -0.005059622 -0.007582604 -0.016857223
299.100000 -0.001525365 -0.007028332 0.002937812 0.098950711 -0.003429347 -0.060560519
299.200000 0.002285778 -0.006280168 0.005352250 -0.052860140 0.016276919 -0.062961045
299.300000 0.001255106 -0.006299794 0.002087587 -0.009239529 -0.002111694 -0.031380272
299.400000 -0.002288958 -0.002740312 0.000182426 0.011423027 0.001592135 -0.112386506
299.500000 -0.000924227 -0.004263961 0.001943021 -0.043182718 0.005197740 -0.071393610
299.600000 0.004456862 -0.006341242 -0.000603366 -0.022955726 0.013607031 -0.060728131
299.700000 0.004280349 -0.006257219 0.003357280 0.007523106 0.009558769 -0.006516938
299.800000 0.005123830 -0.009020650 0.006543174 -0.013777981 0.002319518 -0.075207395
299.900000 0.002937462 -0.010743269 0.002903160 -0.003824375 0.000896437 -0.019638083
300.000000 0.003105112 -0.007176448 0.001543183 -0.034340094 0.018970209 -0.047040961
300.100000 0.001845930 -0.008305996 0.001345206 0.065011525 0.008341542 0.067341306
300.200000 0.001665086 -0.009926520 0.002788708 -0.016354616 0.009611105 -0.033795339
300.300000 0.001674061 -0.009439509 0.003453503 -0.143693353 0.006865982 -0.069886244
300.400000 -0.001772846 -0.008112679 0.005329105 0.023889097 0.003289176 0.055074482
300.500000 0.003432153 -0.004969888 0.002011193 -0.045119512 0.002522503 0.070755308
300.600000 0.002409627 -0.007849075 0.000636548 0.005012592 0.008239841 -0.032457104
300.700000 -0.001507210 -0.007489715 0.001039738 -0.047892137 -0.000406358 0.008733389
300.800000 0.001976476 -0.009492930 -0.004733130 -0.072772502 0.007246997 0.054411296
300.900000 -0.005666031 -0.002507050 -0.000672332 0.014721806 0.002338304 -0.019910123
301.000000 -0.002432581 0.002245646 0.002530784 -0.017514738 0.004894106 -0.005709471
301.100000 -0.000750048 -0.007480932 0.000070333 -0.055396083 -0.003840812 0.041137673
301.200000 0.001160997 -0.003278767 -0.002126671 -0.030179991 0.001539642 -0.049723954
301.300000 -0.001112620 -0.005979342 -0.003207841 0.071929731 -0.011298252 -0.061986262
301.400000 -0.003331852 -0.001782732 0.000774817 -0.117560531 -0.001738618 -0.076810332
301.500000 -0.003512112 0.000376209 -0.001496015 -0.024168411 0.001309701 0.008995836
301.600000 -0.000089562 -0.006962603 -0.000317116 -0.074232557 0.005245853 -0.031418804
301.700000 -0.000389101 -0.003350362 0.006274570 0.013413811 0.006003740 -0.017978884
301.800000 -0.008264974 -0.003614587 0.001511264 0.007281290 0.010229167 -0.024405460
301.900000 -0.004135420 -0.002087340 0.001452255 -0.105782254 0.005093863 -0.057749196
302.000000 -0.003421813 -0.003573583 0.000015411 -0.031182152 0.003112125 0.106592817
302.100000 -0.003066180 -0.003347902 0.004024603 -0.088599554 0.003195378 0.039904634
302.200000 -0.006572898 -0.007318667 -0.001183197 -0.032061121 -0.002686829 -0.047022298
302.300000 -0.004509575 -0.004328982 0.001043662 -0.011757615 -0.002354504 -0.045963228
302.400000 -0.005012612 0.005335702 -0.001737473 -0.012743572 0.006199235 -0.043415504
302.500000 0.001978750 -0.002954404 -0.002064154 -0.008685900 -0.004312939 0.084669121
302.600000 -0.004274280 0.001735379 -0.002032556 -0.052338878 0.012144225 -0.016065330
302.700000 0.000755585 -0.001602877 -0.002057913 0.008549615 0.003200632 -0.049749117
302.800000 0.001957867 0.000021264 -0.000983109 0.012605067 0.005157106 -0.060360752
302.900000 0.002812864 -0.000017168 0.001997241 -0.053105820 -0.000232365 -0.132072922
303.000000 0.000696353 0.004710728 -0.003563397 0.019699143 0.008075080 0.004166313
303.100000 0.000567445 0.007535939 -0.003354384 -0.002368698 -0.001680595 -0.027822631
303.200000 -0.000473829 0.002366943 -0.000695979 -0.094076183 0.001154201 -0.030331515
303.300000 0.002018217 0.007087996 -0.001850935 -0.083070289 -0.000496807 0.063493601
303.400000 0.004941526 0.002669266 -0.002620416 0.037740503 -0.000516592 -0.043839210
303.500000 -0.004303566 0.001504992 -0.000609238 -0.034193040 -0.005067045 -0.046386621
303.600000 0.001770830 0.000861037 -0.000288838 -0.046083292 -0.007950602 -0.060727739
303.700000 -0.001102614 0.001290896 -0.000328576 -0.049704325 0.002572880 -0.007189108
303.800000 -0.000265370 0.005163628 0.001276046 0.013116462 0.002457999 -0.055130398
303.900000 -0.001161527 0.004235962 0.001709615 -0.037724270 -0.003211833 -0.025277153
304.000000 0.000387601 -0.001009556 -0.001781886 0.131395179 -0.001739416 0.023109332
304.100000 0.000414073 0.000398296 0.004420248 -0.072174116 0.000063847 -0.013476614
304.200000 -0.004493948 0.001525978 0.002735948 -0.016734880 -0.004427036 0.013551447
304.300000 0.001814268 0.003816357 0.006133683 -0.112173561 -0.003202615 -0.066469599
304.400000 -0.004136206 -0.000468256 0.000445157 0.000146528 0.006999477 -0.053917541
304.500000 0.002109931 0.001940819 0.000049365 -0.056605267 0.001456817 0.027872101
304.600000 0.002448552 0.004572983 -0.000315459 0.006436268 0.003168453 -0.006449755
304.700000 -0.004072849 -0.005273214 -0.002520324 -0.096151387 -0.006333255 -0.021808659
304.800000 -0.003277002 -0.001280246 -0.004077539 -0.027343990 0.000398267 0.028976103
304.900000 -0.003725494 -0.002558100 0.004933421 -0.094678531 0.011245747 -0.072286810
305.000000 -0.003136264 -0.000201665 -0.002124904 -0.078551354 -0.008846220 -0.088548854
305.100000 -0.005456439 -0.001142096 -0.001119363 -0.042308793 -0.004629555 0.022063706
305.200000 -0.003794919 0.000232280 -0.003646908 -0.000352291 -0.003994779 -0.020401634
305.300000 0.000997246 -0.002181316 -0.002945499 -0.007550525 0.002152631 -0.020132360
305.400000 -0.003270829 -0.001321505 -0.001325680 -0.083612403 0.004864500 -0.010750499
305.500000 -0.001023775 -0.002240735 -0.000176288 -0.037490760 0.000152444 -0.095717715
305.600000 0.000074043 0.000724989 -0.000232492 0.038003784 0.008579248 0.046912799
305.700000 0.001162325 0.001941500 -0.001840090 0.005313204 -0.003137571 0.022531866
305.800000 0.002319836 0.000197607 0.001158058 -0.034408852 -0.003186407 0.009755343
305.900000 0.002504365 -0.002858670 -0.001343640 -0.014294951 0.005690240 -0.075618616
306.000000 -0.001289657 -0.000667379 -0.002074388 -0.021592437 0.003909585 -0.021390173
306.100000 -0.000623573 0.003303756 0.002738607 -0.029508893 -0.011162442 0.049989830
306.200000 -0.001043395 0.002136677 -0.000668919 0.011425328 0.001682315 -0.074770501
306.300000 0.001764832 -0.001580881 0.004643847 -0.075153614 -0.006642985 -0.087410973
306.400000 -0.000021499 0.000581988 0.005796980 -0.050458044 0.003451604 -0.003772919
306.500000 0.003614361 0.000313772 0.000750057 -0.057442441 0.007944377 0.035286346
306.600000 0.002760002 -0.000544345 0.000519399 -0.037006330 0.004590861 -0.001564175
306.700000 -0.001098283 0.000630967 -0.001967421 0.055663685 0.006988698 0.042131988
306.800000 0.003725438 0.000078735 0.003985109 -0.025623724 0.003306627 -0.031255982
306.900000 0.000732907 -0.002929923 0.000693260 -0.021260470 0.001429538 -0.110304264
307.000000 0.000926159 -0.006835689 0.005318346 -0.028299065 0.004611074 -0.146781972
307.100000 0.003927583 -0.003649044 -0.000230958 -0.048105007 0.002246687 -0.021810892
307.200000 0.005416638 -0.003720737 -0.001797140 0.025208731 0.006235136 -0.018390825
307.300000 -0.000360772 -0.004515946 -0.003773576 -0.093142505 0.003653433 -0.088415145
307.400000 -0.005124801 -0.006199951 0.000977995 -0.050909854 0.006607886 -0.012386488
307.500000 -0.001840297 -0.002561045 -0.000755263 -0.116125225 0.009047594 0.028151316
307.600000 -0.001943286 -0.004819276 -0.002699534 -0.066795963 0.001939369 0.041009639
307.700000 -0.002400853 -0.002622912 -0.005271003 0.001178305 0.008300065 0.025163335
307.800000 -0.002632916 -0.006766750 -0.004508438 -0.023135144 -0.000495756 0.031314377
307.900000 -0.005760861 -0.005616585 -0.004411021 -0.094834535 0.003348011 -0.041938152
308.000000 -0.000440657 -0.006903172 -0.000015075 -0.043515011 0.006257739 -0.034707545
308.100000 -0.008200145 -0.001044296 -0.001954976 -0.126563806 0.001674879 -0.001448761
308.200000 -0.003161817 -0.005101965 -0.001013282 -0.022888127 -0.006585156 0.052671587
308.300000 -0.008578540 -0.002511990 -0.002664142 -0.055450570 0.002303961 0.052109446
308.400000 -0.003227678 -0.006123715 0.003363711 -0.022975833 0.000538306 -0.041789540
308.500000 0.003468713 -0.005950517 -0.000485326 -0.045527500 0.003796452 -0.073414750
308.600000 -0.006911147 -0.001612659 -0.001110612 0.000282640 0.005468382 0.116660175
308.700000 -0.005351398 -0.003291989 -0.004707680 -0.048549187 0.010419295 0.007855457
308.800000 -0.004841447 0.002016204 -0.004695057 -0.049893555 -0.001795105 0.056534113
308.900000 -0.007844420 -0.004410304 0.000081055 -0.056787212 -0.001659447 -0.005957857
309.000000 -0.003704972 -0.001532713 -0.001165582 -0.043797165 0.004784717 -0.044999605
309.100000 -0.007113213 -0.003483793 -0.000429956 -0.062044528 -0.001313818 0.035561747
309.200000 -0.000886591 0.007483324 -0.000046993 0.051825259 -0.000860939 0.077681211
309.300000 0.000794102 0.002217585 -0.004337646 -0.034134115 0.003444615 -0.083073179
309.400000 0.001315791 0.002365563 0.004285981 -0.093557510 -0.004302605 -0.074297905
309.500000 0.000280546 -0.000973134 -0.002281341 -0.007055116 -0.000460443 -0.066465471
309.600000 -0.002740772 0.002786864 -0.001391414 0.063932253 -0.003665524 -0.044814551
309.700000 0.001350071 0.004382802 0.004156737 0.052350240 0.007786489 -0.033045200
309.800000 0.000975316 0.004039236 0.002091536 -0.026792667 0.003034852 -0.078016582
309.900000 0.005667243 0.002513001 0.004635545 0.002494452 -0.008209836 -0.021055285
310.000000 0.003783513 0.009593900 0.005029461 0.014730184 0.000232711 -0.075941933
310.100000 0.005455580 0.006439139 -0.000642807 0.071512165 -0.004828329 -0.001429725
310.200000 0.001163636 0.007409598 0.002583132 -0.074281250 -0.000828571 -0.072321414
310.300000 -0.000157138 0.007025061 0.001189757 0.013243543 0.002303978 -0.057789008
310.400000 0.005012635 0.007310790 0.001975214 0.040250901 -0.005526317 -0.184672236
310.500000 -0.000377309 -0.000161260 -0.001949192 0.096246305 0.001684792 -0.095090204
310.600000 0.003228181 0.000154624 0.002341468 0.013990372 -0.011928298 -0.089012453
310.700000 0.002456773 0.000988339 -0.000402597 -0.036182062 -0.009437145 0.088333773
310.800000 0.003845854 0.004448232 0.005418472 0.043026352 -0.008750268 -0.154541512
310.900000 0.003698310 0.003628485 -0.002291054 0.084940862 -0.007372414 -0.096739022
311.000000 0.005428202 0.000759981 -0.004683076 0.001640417 0.001106647 -0.052099289
311.100000 0.004131107 0.003719063 0.001826202 0.066027675 -0.007633838 -0.038298300
311.200000 0.004311659 0.002870209 -0.001320422 -0.067554997 -0.013835184 -0.042314247
311.300000 0.008145323 0.004667624 -0.001434199 -0.070863747 -0.006318206 -0.029040333
311.400000 0.005364789 0.000306895 0.001915484 0.003252169 -0.001601261 0.000189043
311.500000 0.000243664 0.001050421 0.001354413 -0.022544380 -0.001652393 -0.104736185
311.600000 0.000537214 0.004590766 0.002260859 -0.032220327 -0.010180543 -0.066997371
311.700000 0.004799742 0.000760678 0.003866740 -0.019472545 -0.006872396 -0.155040607
311.800000 0.001013840 0.001585032 -0.000281669 0.067580294 0.004893938 -0.089225746
311.900000 0.002546431 -0.002119235 0.002163069 -0.078568041 -0.009904573 -0.057421390
312.000000 0.000310957 0.001664857 -0.001877564 0.050507474 0.002962196 -0.052553727
312.100000 0.002775795 -0.000451545 0.004161162 0.002839158 -0.001171429 -0.011029170
312.200000 -0.001944783 -0.000365780 -0.001861617 -0.027334654 0.003527330 -0.008600888
312.300000 -0.002835062 -0.005293270 -0.000699912 0.015594562 -0.008639461 -0.016911991
312.400000 -0.004567132 -0.002548326 -0.001276026 -0.029057550 0.007575771 -0.082345861
312.500000 0.000322308 -0.003874561 -0.001352081 -0.037313602 -0.003475310 -0.083463700
312.600000 0.003689334 -0.002632612 -0.003701741 -0.041373106 0.001747684 -0.187083242
312.700000 0.003789545 -0.000922384 -0.000303265 0.054003248 -0.007743576 -0.042327563
312.800000 0.003033088 -0.001509206 0.002331332 0.053936190 0.000027762 0.007633600
312.900000 0.001945263 -0.003362758 0.006151560 -0.017489218 0.001283897 -0.069443093
313.000000 0.000352603 -0.001066791 0.000780123 -0.050051878 -0.008221538 -0.008457095
313.100000 -0.002557632 -0.003251351 -0.002762552 -0.032909654 0.015266413 -0.053327561
313.200000 0.000511456 -0.003397778 0.002799634 -0.126415519 -0.004648798 -0.133322299
313.300000 0.002161798 0.001711940 0.001534248 -0.074473227 0.007568417 -0.031722750
313.400000 0.001008713 -0.005826725 -0.003401488 -0.073727271 -0.003134260 -0.024373402
313.500000 0.000736758 -0.003345164 0.002764656 -0.141286941 0.010659753 -0.042496264
313.600000 0.003822086 0.002595707 0.000399475 0.010090939 -0.008600355 -0.030708867
313.700000 -0.001136436 -0.004111846 -0.000174469 -0.100189178 -0.010310960 0.027374511
313.800000 -0.004291375 -0.007805843 0.000012720 -0.051197523 0.007738429 0.041847302
313.900000 -0.004375544 -0.003737599 -0.000092534 -0.014476175 0.010198828 0.013733059
314.000000 -0.001641921 -0.006723768 -0.001911827 -0.025192162 0.008541017 -0.066073579
