200.000000 0.000000000 0.000000000 0.000000000 0.000000000 0.000000000 0.000000000 1.000000000
201.000000 -0.000346470 0.009371955 0.001766648 0.001899295 0.000284062 -0.000639354 0.999997973
202.000000 0.001969585 0.016278228 0.004912782 0.002969182 0.000172674 -0.000497642 0.999995470
203.000000 -0.000599962 0.028838564 0.008322963 0.006206977 0.001898186 -0.000574328 0.999978781
204.000000 0.004047305 0.035041966 0.013263782 0.007158140 -0.000029961 -0.000827398 0.999974012
205.000000 0.002927025 0.043806087 0.016334610 0.009204477 0.000657905 -0.001065243 0.999956846
206.000000 0.005825624 0.056716971 0.020313445 0.013639590 -0.000317849 -0.000969902 0.999906480
207.000000 0.003762048 0.061580919 0.021534806 0.014109075 0.001015076 -0.000952261 0.999899507
208.000000 0.004366064 0.061747391 0.021114627 0.012527894 0.001116298 -0.001496067 0.999919772
209.000000 0.004747912 0.069259033 0.024951270 0.014672367 0.000606078 -0.001319955 0.999891281
210.000000 0.008311231 0.078672275 0.028085148 0.017882938 -0.000789860 -0.001577114 0.999838531
211.000000 0.008984171 0.087755546 0.029769458 0.020691009 -0.000769633 -0.001563497 0.999784410
212.000000 0.006192223 0.092524238 0.029782940 0.021573240 0.000719301 -0.001223433 0.999766231
213.000000 0.005246561 0.107646801 0.034065869 0.027072374 0.000949273 -0.001591683 0.999631763
214.000000 0.003743049 0.112897396 0.035605989 0.028087849 0.000709181 -0.001153993 0.999604523
215.000000 -0.034414977 0.098955750 0.041053407 0.019707121 0.017251013 -0.000904834 0.999656558
216.000000 -0.034862518 0.106128626 0.044544999 0.021080779 0.016887644 -0.000474120 0.999635041
217.000000 -0.037247218 0.114769869 0.048151515 0.023196181 0.017273130 -0.001185609 0.999580979
218.000000 -0.041133042 0.121127330 0.052132439 0.024349045 0.017745651 -0.000928838 0.999545574
219.000000 -0.040701468 0.130821288 0.057408571 0.026566166 0.016638877 -0.002116073 0.999506354
220.000000 0.007310906 0.039365474 0.048688505 0.001693924 -0.000024636 -0.006711258 0.999976218
221.000000 -0.041098882 0.065143943 0.041009177 -0.004946536 -0.006341804 0.002762160 0.999963522
222.000000 -0.052527454 0.109775953 0.061984431 -0.000668277 0.002318502 -0.010057832 0.999946475
223.000000 -0.024140373 0.153967991 0.123753071 -0.003186017 -0.001303490 -0.005876360 0.999976456
224.000000 -0.010488708 0.135782391 0.098261014 -0.006397211 -0.005093948 -0.007877181 0.999934435
225.000000 -0.066906191 0.130243331 0.135215759 0.003379323 -0.002642862 -0.001863142 0.999989092
226.000000 0.006965621 0.095533513 0.137653083 -0.006387723 -0.008716524 -0.009156395 0.999897838
227.000000 0.038648978 0.070342973 0.090896323 0.002998355 0.001922822 -0.003430465 0.999987900
228.000000 -0.015200059 0.161972404 0.067999862 -0.010047922 0.000193563 -0.010601479 0.999891520
229.000000 -0.033508848 0.167621985 0.062901154 -0.004947237 -0.000260541 -0.016628062 0.999848664
230.000000 0.017688047 0.185349107 0.023025388 -0.005062465 -0.003908167 -0.012236744 0.999906182
231.000000 -0.047330156 0.187621459 0.088861406 -0.016174003 0.007889608 -0.011924568 0.999770105
232.000000 -0.024102336 0.213054001 0.085432231 -0.013515781 -0.001761714 -0.014075074 0.999811053
233.000000 0.053293012 0.161943004 0.081428476 -0.013545136 0.002268267 -0.011848522 0.999834597
234.000000 0.013420117 0.139956236 0.096393526 -0.019335469 0.002782534 -0.015764130 0.999676287
235.000000 -0.012709327 0.130049616 0.133782774 -0.027750559 -0.016541788 -0.017370600 0.999325693
236.000000 -0.032601688 0.076871708 0.118610352 -0.019698838 -0.015984057 -0.013805501 0.999586642
237.000000 -0.008609493 0.247620761 0.097775951 -0.013772708 -0.020294962 -0.012376703 0.999620557
238.000000 0.032953668 0.248877034 0.154095814 -0.017755242 -0.015671140 -0.015749395 0.999595761
239.000000 -0.003570327 0.209679618 0.121224239 -0.021598067 -0.018241098 -0.019158632 0.999411225
240.000000 -0.029138615 0.198144555 0.113351360 -0.015629768 -0.002815301 -0.011511357 0.999807596
241.000000 -0.073071614 0.278802991 0.127775624 0.037487213 0.021426888 -0.011336099 0.999003053
242.000000 -0.078011453 0.314416707 0.137989938 0.058116969 0.024941292 -0.012668855 0.997917771
243.000000 -0.083224908 0.323509663 0.140456051 0.061680634 0.026796699 -0.011097911 0.997674406
244.000000 -0.080412954 0.329485923 0.140814811 0.063908324 0.025742548 -0.011439839 0.997558117
245.000000 -0.074949287 0.332389802 0.138827145 0.062983572 0.023367018 -0.011882702 0.997670233
246.000000 -0.023451371 0.271661490 0.110572882 0.024707390 -0.004445342 -0.010605141 0.999628603
247.000000 -0.024701616 0.255394250 0.104858927 0.013865006 -0.003531530 -0.010135341 0.999846280
248.000000 -0.021778703 0.247645602 0.101240069 0.007651281 -0.004424274 -0.009939587 0.999911547
249.000000 -0.020104676 0.244590372 0.100161470 0.004513031 -0.004425557 -0.009416773 0.999935687
250.000000 -0.014947358 0.252039701 0.101936519 0.007371318 -0.005896914 -0.010372788 0.999901652
251.000000 -0.006835096 0.253549516 0.103126861 0.006702462 -0.008976008 -0.010604285 0.999881029
252.000000 0.002333868 0.259527296 0.104704447 0.008278216 -0.011756242 -0.009492609 0.999851584
253.000000 0.005100670 0.266981721 0.104505546 0.010753925 -0.011433767 -0.008201982 0.999843180
254.000000 0.011566201 0.270255238 0.106032684 0.011154293 -0.013383264 -0.009114513 0.999806702
255.000000 0.013629090 0.273502409 0.108991303 0.011318434 -0.013651972 -0.007982056 0.999810874
256.000000 0.023742992 0.267968535 0.112021588 0.006791044 -0.017435791 -0.008077192 0.999792278
257.000000 0.033501185 0.271775186 0.115986601 0.007696819 -0.020605171 -0.007242291 0.999731839
258.000000 0.024259375 0.290493548 0.114838749 0.016921062 -0.013873891 -0.005927627 0.999742985
259.000000 0.025833964 0.292778164 0.116097957 0.017415451 -0.013703298 -0.006224489 0.999735057
260.000000 -0.032919943 0.304612458 0.112310477 0.021234917 0.017461486 -0.004124920 0.999613523
261.000000 -0.021442709 0.309889406 0.118643627 0.022656459 0.012564919 -0.002416514 0.999661446
262.000000 -0.015165564 0.311206251 0.120959163 0.022497885 0.010137410 -0.001142281 0.999694824
263.000000 -0.012244616 0.322556198 0.125628814 0.026954329 0.009943832 -0.000152896 0.999587178
264.000000 -0.005739009 0.325254828 0.129208192 0.027322045 0.007595867 0.000196320 0.999597788
265.000000 -0.001663608 0.320171744 0.133118451 0.023555115 0.006791383 -0.000882388 0.999699056
266.000000 -0.017134937 0.309097618 0.128369629 0.016291216 0.017273316 0.002004304 0.999716043
267.000000 -0.006441640 0.308889091 0.134359345 0.015679708 0.013549851 0.002571466 0.999781966
268.000000 0.005198224 0.308360904 0.139381289 0.015162717 0.009605580 0.003182029 0.999833822
269.000000 0.009854032 0.303372055 0.146344483 0.012480493 0.008558423 0.004364185 0.999875963
270.000000 0.014988321 0.301494598 0.151399031 0.011543836 0.007650387 0.005351219 0.999889791
271.000000 0.020591665 0.296164721 0.158758998 0.008856582 0.005905935 0.005403129 0.999928713
272.000000 0.025894105 0.295614541 0.166906178 0.008744175 0.005136542 0.006053130 0.999930263
273.000000 0.036580466 0.293284535 0.177353293 0.007530242 0.000664604 0.006384329 0.999951065
274.000000 0.038012564 0.288461715 0.184808493 0.004518046 0.001107013 0.008193366 0.999955595
275.000000 0.046728000 0.281857491 0.193367705 -0.000271203 -0.002621025 0.008602778 0.999959528
276.000000 0.050051928 0.280908674 0.201327860 -0.000764284 -0.003471151 0.009390792 0.999949574
277.000000 0.054401524 0.278793812 0.211135387 -0.003577430 -0.004802283 0.010662669 0.999925196
278.000000 0.072783239 0.231774211 0.223520190 -0.032712922 -0.014647217 0.009390350 0.999313354
279.000000 0.076186247 0.236182451 0.231677666 -0.032740083 -0.015270195 0.010253767 0.999294639
280.000000 0.083383203 0.238003343 0.239624113 -0.034252007 -0.018802395 0.011268331 0.999172807
281.000000 0.094973482 0.239215970 0.249609485 -0.036309842 -0.025151066 0.012048162 0.998951375
282.000000 0.097513735 0.245694429 0.252854198 -0.035773762 -0.025729572 0.012581032 0.998949409
283.000000 0.098144017 0.252510279 0.260828316 -0.034307908 -0.025518881 0.013257199 0.998997509
284.000000 0.108402625 0.264939219 0.265400380 -0.029927976 -0.029803758 0.014453949 0.999003053
285.000000 0.117739618 0.276135653 0.270013034 -0.026127046 -0.033635262 0.016733082 0.998952508
286.000000 0.119380876 0.283222675 0.273332894 -0.025312966 -0.032793079 0.017081557 0.998995543
287.000000 0.129314944 0.289218366 0.276363015 -0.025230624 -0.036003172 0.017415382 0.998881340
288.000000 0.133486718 0.284073114 0.271607012 -0.031440385 -0.033810385 0.016451970 0.998798132
289.000000 0.145469978 0.293925673 0.273752421 -0.029032012 -0.038822152 0.020589594 0.998612046
290.000000 0.155616000 0.299007714 0.273029715 -0.029065130 -0.041775506 0.018702153 0.998529017
291.000000 0.163115367 0.305703104 0.274346024 -0.027882228 -0.043265689 0.020315794 0.998467803
292.000000 0.181451857 0.320589423 0.275236785 -0.021597356 -0.050380528 0.020543419 0.998285174
293.000000 0.191972584 0.332748473 0.275899112 -0.015547072 -0.053150173 0.020806402 0.998248696
294.000000 0.209110171 0.339582175 0.278086901 -0.014381241 -0.059289731 0.022126699 0.997891903
295.000000 0.216310218 0.341612220 0.276679426 -0.014927330 -0.059738822 0.022426490 0.997850418
296.000000 0.230829269 0.351884931 0.280302852 -0.010838115 -0.065025158 0.023383459 0.997550726
297.000000 0.244200215 0.364965737 0.280760258 -0.004329762 -0.068226919 0.024645483 0.997355998
298.000000 0.256922126 0.371011972 0.282744557 -0.002280646 -0.072219260 0.025928397 0.997049093
299.000000 0.244482353 0.369387805 0.267966688 -0.006105442 -0.059975270 0.026555544 0.997827888
300.000000 0.255186945 0.381331533 0.267733425 -0.000990046 -0.062340237 0.027865162 0.997665405
301.000000 0.266247392 0.385032147 0.272912145 -0.000508603 -0.066501416 0.028490262 0.997379363
302.000000 0.276822358 0.386449814 0.274339944 -0.001449731 -0.070088074 0.028998412 0.997118175
303.000000 0.288669407 0.390971065 0.276473343 -0.001159209 -0.074342750 0.030375816 0.996769369
304.000000 0.297103494 0.403829396 0.280859739 0.005614674 -0.077236533 0.031752504 0.996491253
305.000000 0.303814590 0.402186006 0.282927960 0.002133471 -0.079302877 0.031904183 0.996337593
306.000000 0.311443180 0.411304563 0.288812339 0.005693401 -0.082713939 0.033143699 0.996005774
307.000000 0.322039872 0.425290436 0.292653263 0.012785596 -0.086716317 0.034596778 0.995550036
308.000000 0.323898524 0.424765885 0.294866890 0.010957129 -0.086541511 0.033640832 0.995619833
309.000000 0.338931262 0.431504965 0.299693108 0.012367974 -0.092406027 0.035357077 0.995016575
310.000000 0.319679290 0.407995671 0.283252299 -0.005469358 -0.074599519 0.034824535 0.996590316
311.000000 0.329432815 0.411179930 0.286592841 -0.006221628 -0.078202717 0.036764212 0.996239960
312.000000 0.336315393 0.418731540 0.290168583 -0.003452703 -0.079836532 0.036343127 0.996139228
313.000000 0.341055423 0.420649052 0.293948054 -0.004957171 -0.080286391 0.036850709 0.996078074
314.000000 0.351510793 0.428410172 0.299422860 -0.002597726 -0.085000448 0.038013928 0.995652080
315.000000 0.363822013 0.430479348 0.305502862 -0.003479652 -0.090477064 0.037994254 0.995167434
316.000000 0.370631963 0.434687316 0.310250670 -0.003307182 -0.092472076 0.038271561 0.994974017
317.000000 0.382092476 0.438512713 0.318766654 -0.002990953 -0.097735107 0.038220167 0.994473815
318.000000 0.386958301 0.450320870 0.323852956 0.002559898 -0.098744079 0.039519742 0.994324505
319.000000 0.395591497 0.450385660 0.327151656 0.000863029 -0.101778522 0.040317018 0.993989408
320.000000 0.403448015 0.455936939 0.333295643 0.002267959 -0.104848981 0.040134192 0.993675411
321.000000 0.411105454 0.456955671 0.340353757 0.000839643 -0.108816788 0.041280624 0.993203938
322.000000 0.356280923 0.425706744 0.313087463 -0.021316063 -0.068244904 0.040272892 0.996627510
323.000000 0.371038795 0.434567690 0.317849815 -0.018275619 -0.074296936 0.044657499 0.996068120
324.000000 0.378994733 0.439902037 0.320354611 -0.016026465 -0.076355591 0.045344565 0.995920062
325.000000 0.388122708 0.444314927 0.323828965 -0.015903560 -0.080390744 0.048177447 0.995471418
326.000000 0.393020362 0.448133707 0.327110559 -0.014724683 -0.081651822 0.049366951 0.995328605
327.000000 0.398805439 0.454038858 0.329506308 -0.011976909 -0.083051510 0.050185949 0.995208681
