200.000000 -0.009960364 0.047055645 -0.021585837 -0.003505537 -0.003969553 -0.002730358 0.999355374
201.000000 -0.035561179 0.054034054 -0.033939977 0.012934714 -0.004229451 -0.002402636 0.997340827
202.000000 -0.073949825 -0.025496288 0.032946646 -0.007560641 -0.003040873 0.002421509 0.989679583
203.000000 0.035095746 0.084310760 -0.021012637 0.010460617 0.014068108 -0.002479996 1.001094752
204.000000 0.102847329 0.046294127 0.026121142 -0.000171840 0.001830713 -0.000756780 1.001421459
205.000000 -0.025185052 0.051066630 0.050888820 0.004176375 0.000052691 0.002278395 0.990907383
206.000000 -0.072689313 -0.020084193 0.040762155 -0.007753966 -0.000655068 -0.000038008 0.994977033
207.000000 0.020617037 0.047347216 0.051424369 -0.002412776 0.004014931 -0.008502156 0.997490804
208.000000 0.071195251 0.078875284 0.040355207 0.010191362 0.007440985 -0.003485865 0.993100984
209.000000 0.047117730 0.005676124 0.015964343 -0.000107172 0.010210348 -0.002347788 1.005851686
210.000000 -0.053750798 0.025289723 -0.052052202 0.004617276 0.010998385 -0.007897232 1.000028078
211.000000 -0.090777289 0.023103009 -0.003580559 -0.004775703 0.005619175 0.003408089 1.005609206
212.000000 0.008803266 0.074297919 0.002738188 0.004999614 0.005158300 -0.009521520 0.997593886
213.000000 -0.043703829 0.033801847 -0.004751945 -0.001542808 0.010528623 -0.011504285 1.008337547
214.000000 -0.020775944 0.042496313 -0.093958861 0.006506003 0.005543921 -0.003152664 0.997181662
215.000000 -0.003432435 0.039927457 0.041078890 0.011088897 -0.000096871 -0.000293350 1.006936104
216.000000 0.051204436 0.063272363 -0.036586241 0.000958973 -0.003919920 0.002161519 0.995268058
217.000000 0.032128663 0.164412945 -0.015014422 -0.009053737 0.008572026 -0.003280745 0.996384879
218.000000 0.067824739 0.085862941 0.014628361 0.008766046 0.017852479 -0.000728180 0.996458114
219.000000 0.023100502 0.076976778 0.020719985 0.003338992 0.006259456 -0.008207557 1.004669731
220.000000 0.014015468 0.086218587 0.055925506 0.001687909 -0.000024549 -0.006687425 1.003539958
221.000000 -0.039092907 0.074187280 0.024163905 -0.004966534 -0.006367442 0.002773327 0.995937244
222.000000 -0.057334001 0.135796002 0.061195566 -0.000668315 0.002318633 -0.010058401 0.999889911
223.000000 -0.017422515 0.131256755 0.139561037 -0.003210635 -0.001313562 -0.005921766 0.992308878
224.000000 -0.024177742 0.114789254 0.091270006 -0.006450571 -0.005136437 -0.007942885 0.991662948
225.000000 -0.081392109 0.140791452 0.124796279 0.003370432 -0.002635909 -0.001858240 1.002626912
226.000000 0.051130448 0.131736595 0.152688152 -0.006446601 -0.008796868 -0.009240793 0.990765491
227.000000 0.059791459 0.098004796 0.072860030 0.002980469 0.001911352 -0.003410002 1.005988824
228.000000 -0.018538174 0.195755274 0.062999896 -0.010131576 0.000195175 -0.010689741 0.991635652
229.000000 -0.027775670 0.171040058 0.045327793 -0.004960722 -0.000261251 -0.016673388 0.997130657
230.000000 0.029529746 0.205547225 -0.017233395 -0.005022312 -0.003877169 -0.012139689 1.007900283
231.000000 -0.085877314 0.194583348 0.100645871 -0.016064271 0.007836081 -0.011843666 1.006599358
232.000000 -0.037770589 0.221506983 0.089394825 -0.013409241 -0.001747827 -0.013964126 1.007754806
233.000000 0.060558715 0.167291499 0.082362653 -0.013582224 0.002274478 -0.011880965 0.997104426
234.000000 0.007442022 0.130599191 0.071253929 -0.019598498 0.002820386 -0.015978576 0.986259784
235.000000 -0.022086609 0.133844178 0.153237413 -0.027778317 -0.016558334 -0.017387975 0.998327094
236.000000 -0.028770754 0.086620300 0.131137023 -0.019608962 -0.015911130 -0.013742514 1.004168171
237.000000 -0.014419979 0.289903998 0.114410487 -0.013809368 -0.020348983 -0.012409648 0.996966819
238.000000 0.065952136 0.220610940 0.171805160 -0.017749443 -0.015666023 -0.015744252 0.999922257
239.000000 -0.013982978 0.169384926 0.145679830 -0.021698784 -0.018326161 -0.019247972 0.994772393
240.000000 0.125656710 0.180076226 0.071767112 -0.023291087 -0.012498680 -0.023334380 1.001721778
241.000000 -0.046409000 0.231710829 0.102088792 -0.012383862 -0.011526795 -0.016335007 1.001414243
242.000000 -0.111021834 0.269925694 0.116798932 -0.017441504 -0.015338079 -0.009192718 0.992631601
243.000000 0.063571128 0.249934489 0.163909424 -0.018197895 -0.022423808 -0.011819991 0.994788265
244.000000 0.072566165 0.233386149 0.047120028 -0.016819175 -0.021799851 -0.018943846 0.993158630
245.000000 0.041264940 0.296197501 0.190414829 -0.016439905 -0.017615925 -0.012432461 1.001847922
246.000000 -0.005218310 0.162730612 0.054589238 -0.017767745 -0.023338180 -0.017301451 1.003826511
247.000000 0.021810923 0.319150803 0.116844899 -0.021304641 -0.027023278 -0.013721278 0.996018568
248.000000 0.070711525 0.327816078 0.091949047 -0.028161259 -0.016203325 -0.006079662 0.991844365
249.000000 0.141128441 0.281443019 0.048268584 -0.010268307 -0.028988021 -0.008467923 0.994024897
250.000000 0.015283572 0.253158704 0.121277809 -0.016929092 -0.022705261 -0.006750395 1.004224281
251.000000 -0.082081328 0.321176311 0.021222103 -0.010713430 -0.017266480 -0.014468610 1.008621034
252.000000 -0.018324764 0.267508450 0.223595915 -0.024726535 -0.009539857 -0.013432908 1.002312995
253.000000 0.066494601 0.172130236 0.126091288 -0.016185332 -0.021955462 -0.007870592 0.998223987
254.000000 0.004116131 0.282723961 0.106220143 -0.009332160 -0.020015515 -0.007177470 0.984719604
255.000000 0.051562868 0.183694664 0.121471209 -0.019594496 -0.025439314 -0.012055797 1.001280347
256.000000 -0.043529997 0.234888899 0.129180554 -0.023535110 -0.017543774 -0.001312043 1.000712242
257.000000 0.123315939 0.277787915 0.063340267 -0.023975707 -0.024810329 -0.009462783 0.995144721
258.000000 -0.018607298 0.327197703 0.214239844 -0.025282167 -0.024323876 -0.019331125 0.997012318
259.000000 0.071588368 0.237201071 0.155232963 -0.025990519 -0.014429821 -0.009394308 1.006129611
260.000000 0.103890463 0.322934744 0.092489215 -0.020900731 -0.008312204 -0.016849933 1.002983707
261.000000 -0.006474637 0.345571870 0.180787179 -0.024142356 -0.008583694 -0.013733732 1.003940248
262.000000 0.007294088 0.217031515 0.202016665 -0.018187267 -0.019656256 -0.008379962 1.003516977
263.000000 0.068557111 0.296801540 0.140392550 -0.026814963 -0.019712832 -0.008673973 1.000709978
264.000000 0.092334309 0.184565498 0.186517248 -0.022463470 -0.013837597 -0.009272418 0.998584821
265.000000 0.159866038 0.256537889 0.168220257 -0.022886849 -0.015008070 -0.001534948 0.997495332
266.000000 0.033063823 0.259358037 0.115223415 -0.046643645 -0.017955758 -0.005617664 1.000943134
267.000000 0.073789397 0.241911798 0.124492872 -0.049880919 -0.017193651 -0.003258821 0.988713373
268.000000 0.021098611 0.265933955 0.107767117 -0.054696763 -0.008947963 -0.008558059 0.998076982
269.000000 0.081012546 0.234750721 0.047414813 -0.041199872 -0.015730532 -0.004613688 0.999275384
270.000000 0.086266465 0.264465721 0.070102945 -0.045903704 -0.014976984 0.000712823 0.996670321
271.000000 0.148315707 0.194928596 0.118868138 -0.057631658 -0.014818748 0.000340387 0.995093981
272.000000 0.107347183 0.326024395 0.253732387 -0.048758404 -0.007262813 -0.000679104 0.999844684
273.000000 0.098885072 0.232065509 0.150474633 -0.045536410 -0.011278773 -0.003033148 0.995889105
274.000000 0.123537854 0.225423474 0.222351285 -0.056128853 -0.017853904 -0.000676756 0.998698594
275.000000 0.116691831 0.331803464 0.236145281 -0.050867338 -0.023075716 0.005604362 0.997818613
276.000000 0.189201369 0.206436295 0.218112564 -0.063060179 -0.022514828 0.002055301 0.994046892
277.000000 0.170973283 0.193751336 0.313847520 -0.063722369 -0.016689613 0.012190929 0.992760233
278.000000 0.132171696 0.207754109 0.232633060 -0.066341405 -0.009984261 0.000666013 1.003660651
279.000000 0.087555215 0.244057479 0.172038250 -0.062741561 -0.013377112 0.010694422 0.999584413
280.000000 0.136059863 0.221869772 0.227900760 -0.071876262 -0.008719451 0.011867590 0.990800257
281.000000 0.117327889 0.246494073 0.368751470 -0.072821062 -0.013615430 0.011787776 1.002648899
282.000000 0.187895619 0.296659381 0.270574650 -0.079072446 -0.004994066 0.007310703 0.998070879
283.000000 0.075523430 0.250234335 0.272673353 -0.059241280 -0.017814735 0.005834516 1.005050202
284.000000 0.116954986 0.234080570 0.264085471 -0.083808709 -0.019606469 0.016955495 0.995713526
285.000000 0.196952445 0.316791629 0.293571693 -0.073615463 -0.016171239 0.009261526 0.994821809
286.000000 0.199656582 0.330323980 0.289511793 -0.063799350 -0.010028212 0.006455681 0.996839265
287.000000 0.211772872 0.260742870 0.346056096 -0.088532783 -0.016208476 0.019389647 0.998857104
288.000000 0.169487643 0.207421391 0.252098710 -0.074168320 -0.018757475 0.000550715 0.994479270
289.000000 0.138005289 0.263761281 0.257463397 -0.064276204 -0.016684279 0.015911770 0.992895240
290.000000 0.181145325 0.290458299 0.271249809 -0.071962758 -0.006709374 0.013320797 0.989099389
291.000000 0.190716937 0.341944236 0.318621406 -0.077943677 -0.016615338 0.007136165 1.004249466
292.000000 0.233933061 0.371969289 0.328934275 -0.091952364 -0.030597442 0.012974436 0.990519895
293.000000 0.253276070 0.295439266 0.326141864 -0.091193933 -0.018017378 0.010454588 0.985832459
294.000000 0.282951849 0.313631879 0.208075823 -0.085433848 -0.020780919 0.021431924 0.990294570
295.000000 0.255749989 0.312267400 0.255352184 -0.082735378 -0.020812562 0.019114638 0.991438509
296.000000 0.297973204 0.280542101 0.350033716 -0.095986366 -0.017406489 0.016027535 0.998298655
297.000000 0.233260299 0.307193136 0.232070158 -0.092171761 -0.012494430 0.028439187 0.996465667
298.000000 0.267545738 0.332137069 0.251976797 -0.098225376 -0.014542539 0.021343851 0.987438458
299.000000 0.241457446 0.379133925 0.309572280 -0.076139137 -0.012630445 0.026222923 0.991624963
300.000000 0.233339455 0.416829344 0.308096161 -0.066300168 -0.010952735 0.026945894 0.990597966
301.000000 0.355091216 0.354477395 0.352275720 -0.064206103 -0.015036889 0.015908492 0.995827148
302.000000 0.379364167 0.350431997 0.154761592 -0.069298147 -0.008488743 0.024758050 1.000534196
303.000000 0.256098258 0.291101646 0.201946434 -0.070249855 -0.013697522 0.024120163 0.995395995
304.000000 0.274650461 0.292291829 0.187697580 -0.074890596 -0.021145487 0.023004456 0.993402048
305.000000 0.424401707 0.389984122 0.260250829 -0.068181695 -0.020575648 0.016059579 0.999251036
306.000000 0.360405025 0.373903337 0.304584930 -0.068869626 -0.016998005 0.030884040 0.990868808
307.000000 0.234054626 0.385055514 0.319622160 -0.072123496 -0.019909020 0.025269217 1.000288517
308.000000 0.352936656 0.423170982 0.247190185 -0.079596554 -0.013560516 0.033377597 0.995783410
309.000000 0.372610805 0.276712702 0.207426656 -0.075265021 -0.006039448 0.029424064 0.997858649
310.000000 0.359948070 0.396497933 0.311300447 -0.075838651 -0.007758391 0.033534317 0.992734878
311.000000 0.309062053 0.345406101 0.239925271 -0.091350328 -0.001621821 0.019152227 0.997501758
312.000000 0.366147875 0.326129544 0.234995196 -0.082000097 0.006187403 0.035012955 1.003330222
313.000000 0.317539563 0.443513125 0.300789388 -0.079360458 -0.002853691 0.027220154 1.002189917
314.000000 0.290677217 0.421065234 0.296494002 -0.076503379 0.004405432 0.023735369 0.993320569
