220.000000 -0.006098289 -0.054340903 0.034214497 0.027767451 0.016462838 -0.001894267 0.999477029
221.000000 -0.046448573 0.041028894 0.085930280 0.023356780 0.020518815 -0.005560755 0.999501109
222.000000 -0.039418690 0.038812224 0.064135879 0.026605936 0.020921586 -0.005038473 0.999414325
223.000000 -0.042492487 0.216009796 0.080570489 0.030692229 0.022826720 -0.006567740 0.999246597
224.000000 0.026907526 0.193138778 0.117361024 0.003606546 -0.016440183 -0.002774530 0.999854505
225.000000 -0.027330061 0.101425335 0.163682163 0.028287286 0.005261395 -0.004346883 0.999576509
226.000000 -0.113698319 -0.003374979 0.096578747 0.029503554 0.007557823 -0.001788551 0.999534488
227.000000 -0.019113569 -0.005230851 0.140172079 0.045600496 0.015489647 -0.008615019 0.998802483
228.000000 -0.006082322 0.069684565 0.081662223 0.028761331 -0.000811706 -0.012917002 0.999502540
229.000000 -0.049173363 0.158287808 0.110912740 0.033493657 0.023513310 -0.012596246 0.999082923
230.000000 -0.014663562 0.130159497 0.133016586 0.047895920 0.034571685 -0.007575765 0.998225093
231.000000 0.057983212 0.168585524 0.056654420 0.054778177 0.031802908 -0.010254610 0.997939289
232.000000 0.013246160 0.189941272 0.074602671 0.037285749 0.003131957 -0.005910499 0.999282241
233.000000 0.033442710 0.147335202 0.078877181 0.019192372 0.001541796 0.014209279 0.999713659
234.000000 0.029745052 0.165557757 0.165092036 -0.007750936 -0.002540342 -0.016626798 0.999828517
235.000000 0.012905970 0.119685911 0.080634937 0.028438602 0.052021954 -0.005804409 0.998224080
236.000000 -0.043058369 0.050234154 0.084377572 0.037710208 0.026245851 -0.015583385 0.998822451
237.000000 0.007257838 0.132105738 0.052329406 0.015656943 0.001079240 -0.013121638 0.999790728
238.000000 -0.057198867 0.326100588 0.105712853 0.042963758 0.003563803 0.011874762 0.998999715
239.000000 0.024858713 0.319785476 0.054413781 -0.042823125 -0.004846619 -0.003472597 0.999064863
