200.000000 0.000167275 -0.007077750 0.000618128 2.011865068 0.000228817 -2.013680980
200.100000 0.000100743 -0.006576421 0.000615146 1.904622499 0.000122725 -1.906313655
200.200000 0.000034211 -0.006075091 0.000612164 1.797379930 0.000016633 -1.798946331
200.300000 -0.000032321 -0.005573760 0.000609182 1.690137361 -0.000089459 -1.691579006
200.400000 -0.000098853 -0.005072430 0.000606200 1.582894791 -0.000195551 -1.584211681
200.500000 -0.000165385 -0.004571100 0.000603218 1.475652222 -0.000301643 -1.476844357
200.600000 -0.000231917 -0.004069771 0.000600236 1.368409653 -0.000407735 -1.369477032
200.700000 -0.000298449 -0.003568441 0.000597254 1.261167083 -0.000513827 -1.262109707
200.800000 -0.000364981 -0.003067110 0.000594272 1.153924514 -0.000619919 -1.154742383
200.900000 -0.000431513 -0.002565780 0.000591290 1.046681945 -0.000726011 -1.047375058
201.000000 -0.000498046 -0.002064450 0.000588308 0.939439376 -0.000832103 -0.940007734
201.100000 -0.000495649 -0.001545245 0.000544438 0.787503978 -0.000947046 -0.787941608
201.200000 -0.000493253 -0.001026040 0.000500568 0.635568581 -0.001061989 -0.635875483
201.300000 -0.000490857 -0.000506834 0.000456698 0.483633184 -0.001176931 -0.483809357
201.400000 -0.000488460 0.000012372 0.000412829 0.331697787 -0.001291874 -0.331743232
201.500000 -0.000486064 0.000531577 0.000368959 0.179762390 -0.001406817 -0.179677106
201.600000 -0.000483668 0.001050782 0.000325089 0.027826992 -0.001521759 -0.027610981
201.700000 -0.000481271 0.001569988 0.000281220 -0.124108405 -0.001636702 0.124455145
201.800000 -0.000478875 0.002089194 0.000237350 -0.276043802 -0.001751645 0.276521270
201.900000 -0.000476479 0.002608399 0.000193480 -0.427979199 -0.001866587 0.428587396
202.000000 -0.000474082 0.003127605 0.000149610 -0.579914596 -0.001981530 0.580653521
202.100000 -0.000450187 0.002708431 0.000068916 -0.530246269 -0.001752670 0.530957920
202.200000 -0.000426292 0.002289258 -0.000011778 -0.480577941 -0.001523809 0.481262319
202.300000 -0.000402397 0.001870085 -0.000092472 -0.430909614 -0.001294949 0.431566719
202.400000 -0.000378501 0.001450911 -0.000173166 -0.381241286 -0.001066089 0.381871118
202.500000 -0.000354606 0.001031738 -0.000253860 -0.331572959 -0.000837228 0.332175517
202.600000 -0.000330711 0.000612565 -0.000334554 -0.281904631 -0.000608368 0.282479916
202.700000 -0.000306816 0.000193392 -0.000415248 -0.232236303 -0.000379508 0.232784315
202.800000 -0.000282921 -0.000225782 -0.000495942 -0.182567976 -0.000150647 0.183088714
202.900000 -0.000259025 -0.000644955 -0.000576636 -0.132899648 0.000078213 0.133393113
203.000000 -0.000235130 -0.001064128 -0.000657330 -0.083231321 0.000307073 0.083697512
203.100000 -0.000232172 -0.001333161 -0.000594747 -0.033996094 0.000435270 0.034418419
203.200000 -0.000229213 -0.001602193 -0.000532165 0.015239132 0.000563466 -0.014860673
203.300000 -0.000226255 -0.001871226 -0.000469582 0.064474359 0.000691662 -0.064139766
203.400000 -0.000223296 -0.002140258 -0.000407000 0.113709585 0.000819858 -0.113418859
203.500000 -0.000220337 -0.002409291 -0.000344418 0.162944812 0.000948054 -0.162697952
203.600000 -0.000217379 -0.002678323 -0.000281835 0.212180038 0.001076250 -0.211977044
203.700000 -0.000214420 -0.002947356 -0.000219253 0.261415265 0.001204446 -0.261256137
203.800000 -0.000211462 -0.003216388 -0.000156670 0.310650492 0.001332642 -0.310535230
203.900000 -0.000208503 -0.003485421 -0.000094088 0.359885718 0.001460838 -0.359814323
204.000000 -0.000205545 -0.003754454 -0.000031505 0.409120945 0.001589035 -0.409093415
204.100000 -0.000176860 -0.003364750 0.000034339 0.348333811 0.001376031 -0.348385613
204.200000 -0.000148175 -0.002975047 0.000100183 0.287546677 0.001163027 -0.287677812
204.300000 -0.000119491 -0.002585343 0.000166028 0.226759543 0.000950024 -0.226970010
204.400000 -0.000090806 -0.002195640 0.000231873 0.165972409 0.000737020 -0.166262208
204.500000 -0.000062122 -0.001805937 0.000297717 0.105185275 0.000524017 -0.105554406
204.600000 -0.000033437 -0.001416233 0.000363561 0.044398141 0.000311013 -0.044846604
204.700000 -0.000004752 -0.001026530 0.000429406 -0.016388993 0.000098010 0.015861198
204.800000 0.000023932 -0.000636827 0.000495251 -0.077176126 -0.000114994 0.076569000
204.900000 0.000052617 -0.000247123 0.000561095 -0.137963260 -0.000327997 0.137276802
205.000000 0.000081301 0.000142580 0.000626940 -0.198750394 -0.000541001 0.197984604
205.100000 0.000025004 0.000467314 0.000475707 -0.213958327 -0.000554301 0.213209628
205.200000 -0.000031292 0.000792048 0.000324475 -0.229166260 -0.000567601 0.228434652
205.300000 -0.000087589 0.001116781 0.000173243 -0.244374193 -0.000580902 0.243659676
205.400000 -0.000143886 0.001441515 0.000022010 -0.259582127 -0.000594202 0.258884700
205.500000 -0.000200183 0.001766249 -0.000129222 -0.274790060 -0.000607502 0.274109724
205.600000 -0.000256480 0.002090983 -0.000280454 -0.289997993 -0.000620803 0.289334748
205.700000 -0.000312777 0.002415717 -0.000431686 -0.305205926 -0.000634103 0.304559772
205.800000 -0.000369073 0.002740450 -0.000582919 -0.320413859 -0.000647403 0.319784797
205.900000 -0.000425370 0.003065184 -0.000734151 -0.335621792 -0.000660703 0.335009821
206.000000 -0.000481667 0.003389918 -0.000885383 -0.350829725 -0.000674004 0.350234845
206.100000 -0.000457520 0.002991735 -0.000871601 -0.309080400 -0.000616349 0.308591352
206.200000 -0.000433374 0.002593551 -0.000857819 -0.267331074 -0.000558694 0.266947860
206.300000 -0.000409227 0.002195368 -0.000844036 -0.225581749 -0.000501039 0.225304368
206.400000 -0.000385080 0.001797184 -0.000830254 -0.183832423 -0.000443384 0.183660875
206.500000 -0.000360934 0.001399001 -0.000816471 -0.142083098 -0.000385729 0.142017383
206.600000 -0.000336787 0.001000817 -0.000802689 -0.100333772 -0.000328075 0.100373890
206.700000 -0.000312641 0.000602634 -0.000788907 -0.058584447 -0.000270420 0.058730398
206.800000 -0.000288494 0.000204450 -0.000775124 -0.016835122 -0.000212765 0.017086905
206.900000 -0.000264347 -0.000193733 -0.000761342 0.024914204 -0.000155110 -0.024556587
207.000000 -0.000240201 -0.000591917 -0.000747559 0.066663529 -0.000097455 -0.066200079
207.100000 -0.000140906 -0.000889263 -0.000661872 0.086787507 -0.000172535 -0.086327793
207.200000 -0.000041612 -0.001186609 -0.000576185 0.106911485 -0.000247615 -0.106455507
207.300000 0.000057682 -0.001483956 -0.000490498 0.127035464 -0.000322694 -0.126583221
207.400000 0.000156977 -0.001781302 -0.000404810 0.147159442 -0.000397774 -0.146710935
207.500000 0.000256271 -0.002078649 -0.000319123 0.167283420 -0.000472854 -0.166838649
207.600000 0.000355566 -0.002375995 -0.000233436 0.187407398 -0.000547933 -0.186966363
207.700000 0.000454860 -0.002673342 -0.000147749 0.207531376 -0.000623013 -0.207094076
207.800000 0.000554154 -0.002970688 -0.000062061 0.227655354 -0.000698093 -0.227221790
207.900000 0.000653449 -0.003268035 0.000023626 0.247779332 -0.000773172 -0.247349504
208.000000 0.000752743 -0.003565381 0.000109313 0.267903311 -0.000848252 -0.267477218
208.100000 0.000798165 -0.003205754 0.000015657 0.241441503 -0.000797147 -0.241036915
208.200000 0.000843587 -0.002846127 -0.000077998 0.214979696 -0.000746042 -0.214596613
208.300000 0.000889009 -0.002486500 -0.000171654 0.188517889 -0.000694938 -0.188156310
208.400000 0.000934432 -0.002126872 -0.000265309 0.162056082 -0.000643833 -0.161716007
208.500000 0.000979854 -0.001767245 -0.000358965 0.135594275 -0.000592728 -0.135275705
208.600000 0.001025276 -0.001407618 -0.000452621 0.109132467 -0.000541623 -0.108835402
208.700000 0.001070698 -0.001047991 -0.000546276 0.082670660 -0.000490518 -0.082395100
208.800000 0.001116120 -0.000688364 -0.000639932 0.056208853 -0.000439414 -0.055954797
208.900000 0.001161542 -0.000328737 -0.000733587 0.029747046 -0.000388309 -0.029514494
209.000000 0.001206964 0.000030890 -0.000827243 0.003285239 -0.000337204 -0.003074192
209.100000 0.001228410 0.000051081 -0.000798910 0.008419779 -0.000258658 -0.008205684
209.200000 0.001249856 0.000071271 -0.000770576 0.013554320 -0.000180112 -0.013337176
209.300000 0.001271303 0.000091462 -0.000742243 0.018688861 -0.000101566 -0.018468668
209.400000 0.001292749 0.000111652 -0.000713910 0.023823401 -0.000023020 -0.023600160
209.500000 0.001314195 0.000131843 -0.000685576 0.028957942 0.000055526 -0.028731652
209.600000 0.001335641 0.000152033 -0.000657243 0.034092483 0.000134072 -0.033863144
209.700000 0.001357088 0.000172224 -0.000628910 0.039227023 0.000212618 -0.038994636
209.800000 0.001378534 0.000192414 -0.000600576 0.044361564 0.000291164 -0.044126128
209.900000 0.001399980 0.000212605 -0.000572243 0.049496105 0.000369710 -0.049257621
210.000000 0.001421427 0.000232795 -0.000543909 0.054630645 0.000448256 -0.054389113
210.100000 0.001169278 0.000417627 -0.000431321 0.034839509 0.000466857 -0.034616727
210.200000 0.000917130 0.000602459 -0.000318733 0.015048372 0.000485459 -0.014844342
210.300000 0.000664982 0.000787291 -0.000206144 -0.004742764 0.000504060 0.004928044
210.400000 0.000412833 0.000972122 -0.000093555 -0.024533901 0.000522662 0.024700429
210.500000 0.000160685 0.001156954 0.000019033 -0.044325037 0.000541263 0.044472814
210.600000 -0.000091463 0.001341786 0.000131621 -0.064116174 0.000559864 0.064245200
210.700000 -0.000343611 0.001526618 0.000244210 -0.083907310 0.000578466 0.084017585
210.800000 -0.000595760 0.001711449 0.000356799 -0.103698447 0.000597067 0.103789971
210.900000 -0.000847908 0.001896281 0.000469387 -0.123489583 0.000615669 0.123562356
211.000000 -0.001100056 0.002081113 0.000581976 -0.143280720 0.000634270 0.143334741
211.100000 -0.001146351 0.002302961 0.000385080 -0.168556218 0.000480951 0.168582998
211.200000 -0.001192645 0.002524808 0.000188184 -0.193831717 0.000327631 0.193831254
211.300000 -0.001238940 0.002746656 -0.000008711 -0.219107216 0.000174312 0.219079510
211.400000 -0.001285235 0.002968504 -0.000205607 -0.244382715 0.000020992 0.244327766
211.500000 -0.001331529 0.003190352 -0.000402503 -0.269658214 -0.000132327 0.269576022
211.600000 -0.001377824 0.003412200 -0.000599398 -0.294933713 -0.000285647 0.294824279
211.700000 -0.001424118 0.003634048 -0.000796294 -0.320209212 -0.000438966 0.320072535
211.800000 -0.001470413 0.003855895 -0.000993190 -0.345484711 -0.000592286 0.345320791
211.900000 -0.001516707 0.004077743 -0.001190085 -0.370760210 -0.000745605 0.370569047
212.000000 -0.001563002 0.004299591 -0.001386981 -0.396035709 -0.000898925 0.395817303
212.100000 -0.000971393 0.004029714 -0.001314977 -0.381346961 -0.001005870 0.381148233
212.200000 -0.000379783 0.003759837 -0.001242973 -0.366658214 -0.001112815 0.366479163
212.300000 0.000211826 0.003489960 -0.001170969 -0.351969466 -0.001219761 0.351810092
212.400000 0.000803436 0.003220082 -0.001098964 -0.337280718 -0.001326706 0.337141022
212.500000 0.001395045 0.002950205 -0.001026960 -0.322591970 -0.001433651 0.322471951
212.600000 0.001986655 0.002680328 -0.000954956 -0.307903223 -0.001540597 0.307802881
212.700000 0.002578264 0.002410451 -0.000882952 -0.293214475 -0.001647542 0.293133810
212.800000 0.003169874 0.002140574 -0.000810948 -0.278525727 -0.001754487 0.278464740
212.900000 0.003761483 0.001870697 -0.000738944 -0.263836979 -0.001861433 0.263795669
213.000000 0.004353093 0.001600820 -0.000666940 -0.249148231 -0.001968378 0.249126599
213.100000 0.004070948 0.001212480 -0.000294169 -0.213062783 -0.001781561 0.213037080
213.200000 0.003788803 0.000824139 0.000078601 -0.176977334 -0.001594744 0.176947561
213.300000 0.003506657 0.000435799 0.000451371 -0.140891885 -0.001407928 0.140858042
213.400000 0.003224512 0.000047459 0.000824142 -0.104806436 -0.001221111 0.104768523
213.500000 0.002942367 -0.000340881 0.001196912 -0.068720987 -0.001034294 0.068679004
213.600000 0.002660222 -0.000729221 0.001569682 -0.032635538 -0.000847477 0.032589485
213.700000 0.002378077 -0.001117561 0.001942453 0.003449911 -0.000660660 -0.003500034
213.800000 0.002095932 -0.001505902 0.002315223 0.039535360 -0.000473844 -0.039589553
213.900000 0.001813787 -0.001894242 0.002687993 0.075620809 -0.000287027 -0.075679072
214.000000 0.001531641 -0.002282582 0.003060763 0.111706258 -0.000100210 -0.111768591
214.100000 0.000729094 -0.002491577 0.002815994 0.160854614 -0.000037179 -0.160962772
214.200000 -0.000073453 -0.002700572 0.002571224 0.210002971 0.000025853 -0.210156953
214.300000 -0.000876001 -0.002909568 0.002326454 0.259151327 0.000088884 -0.259351135
214.400000 -0.001678548 -0.003118563 0.002081684 0.308299683 0.000151915 -0.308545316
214.500000 -0.002481096 -0.003327558 0.001836915 0.357448040 0.000214947 -0.357739497
214.600000 -0.003283643 -0.003536553 0.001592145 0.406596396 0.000277978 -0.406933679
214.700000 -0.004086191 -0.003745549 0.001347375 0.455744753 0.000341010 -0.456127860
214.800000 -0.004888738 -0.003954544 0.001102605 0.504893109 0.000404041 -0.505322041
214.900000 -0.005691286 -0.004163539 0.000857836 0.554041466 0.000467072 -0.554516223
215.000000 -0.006493833 -0.004372534 0.000613066 0.603189822 0.000530104 -0.603710404
215.100000 -0.006272033 -0.003789068 0.000488056 0.566910606 0.000756115 -0.567357599
215.200000 -0.006050233 -0.003205602 0.000363046 0.530631389 0.000982127 -0.531004794
215.300000 -0.005828433 -0.002622136 0.000238037 0.494352173 0.001208138 -0.494651989
215.400000 -0.005606633 -0.002038670 0.000113027 0.458072957 0.001434149 -0.458299184
215.500000 -0.005384833 -0.001455204 -0.000011983 0.421793741 0.001660161 -0.421946379
215.600000 -0.005163033 -0.000871738 -0.000136993 0.385514524 0.001886172 -0.385593574
215.700000 -0.004941233 -0.000288272 -0.000262003 0.349235308 0.002112184 -0.349240769
215.800000 -0.004719433 0.000295194 -0.000387013 0.312956092 0.002338195 -0.312887964
215.900000 -0.004497633 0.000878660 -0.000512022 0.276676875 0.002564206 -0.276535159
216.000000 -0.004275834 0.001462126 -0.000637032 0.240397659 0.002790218 -0.240182354
216.100000 -0.003603039 0.001555532 -0.000436455 0.184266409 0.002509474 -0.184067114
216.200000 -0.002930244 0.001648939 -0.000235877 0.128135159 0.002228731 -0.127951874
216.300000 -0.002257450 0.001742345 -0.000035299 0.072003909 0.001947988 -0.071836633
216.400000 -0.001584655 0.001835752 0.000165279 0.015872659 0.001667244 -0.015721393
216.500000 -0.000911860 0.001929158 0.000365857 -0.040258591 0.001386501 0.040393847
216.600000 -0.000239066 0.002022565 0.000566434 -0.096389841 0.001105757 0.096509088
216.700000 0.000433729 0.002115971 0.000767012 -0.152521091 0.000825014 0.152624328
216.800000 0.001106524 0.002209378 0.000967590 -0.208652341 0.000544271 0.208739568
216.900000 0.001779318 0.002302784 0.001168168 -0.264783592 0.000263527 0.264854809
217.000000 0.002452113 0.002396191 0.001368745 -0.320914842 -0.000017216 0.320970049
217.100000 0.002655403 0.001626737 0.001351762 -0.228589229 -0.000522790 0.228544684
217.200000 0.002858694 0.000857284 0.001334779 -0.136263616 -0.001028363 0.136119320
217.300000 0.003061984 0.000087831 0.001317796 -0.043938003 -0.001533937 0.043693955
217.400000 0.003265274 -0.000681623 0.001300813 0.048387610 -0.002039511 -0.048731410
217.500000 0.003468564 -0.001451076 0.001283830 0.140713223 -0.002545084 -0.141156775
217.600000 0.003671855 -0.002220529 0.001266846 0.233038836 -0.003050658 -0.233582140
217.700000 0.003875145 -0.002989983 0.001249863 0.325364449 -0.003556231 -0.326007504
217.800000 0.004078435 -0.003759436 0.001232880 0.417690062 -0.004061805 -0.418432869
217.900000 0.004281725 -0.004528889 0.001215897 0.510015675 -0.004567378 -0.510858234
218.000000 0.004485016 -0.005298343 0.001198914 0.602341288 -0.005072952 -0.603283599
218.100000 0.004229530 -0.004931687 0.001139371 0.644219875 -0.004488641 -0.645068447
218.200000 0.003974044 -0.004565031 0.001079829 0.686098463 -0.003904330 -0.686853296
218.300000 0.003718558 -0.004198375 0.001020286 0.727977051 -0.003320020 -0.728638144
218.400000 0.003463072 -0.003831720 0.000960743 0.769855639 -0.002735709 -0.770422992
218.500000 0.003207586 -0.003465064 0.000901201 0.811734226 -0.002151398 -0.812207841
218.600000 0.002952100 -0.003098408 0.000841658 0.853612814 -0.001567087 -0.853992689
218.700000 0.002696614 -0.002731752 0.000782116 0.895491402 -0.000982776 -0.895777538
218.800000 0.002441128 -0.002365097 0.000722573 0.937369989 -0.000398466 -0.937562386
218.900000 0.002185642 -0.001998441 0.000663030 0.979248577 0.000185845 -0.979347234
219.000000 0.001930156 -0.001631785 0.000603488 1.021127165 0.000770156 -1.021132083
219.100000 0.001646765 -0.000952617 0.000435237 0.883234535 0.001054609 -0.883199523
219.200000 0.001363373 -0.000273449 0.000266985 0.745341906 0.001339061 -0.745266963
219.300000 0.001079981 0.000405719 0.000098734 0.607449276 0.001623514 -0.607334403
219.400000 0.000796589 0.001084886 -0.000069517 0.469556647 0.001907967 -0.469401843
219.500000 0.000513198 0.001764054 -0.000237768 0.331664017 0.002192419 -0.331469283
219.600000 0.000229806 0.002443222 -0.000406019 0.193771388 0.002476872 -0.193536724
219.700000 -0.000053586 0.003122390 -0.000574270 0.055878758 0.002761325 -0.055604164
219.800000 -0.000336977 0.003801558 -0.000742522 -0.082013871 0.003045778 0.082328396
219.900000 -0.000620369 0.004480726 -0.000910773 -0.219906501 0.003330230 0.220260956
220.000000 -0.000903761 0.005159894 -0.001079024 -0.357799130 0.003614683 0.358193516
220.100000 -0.001166668 0.004753295 -0.001200068 -0.443691700 0.003247612 0.444052910
220.200000 -0.001429575 0.004346697 -0.001321112 -0.529584271 0.002880541 0.529912303
220.300000 -0.001692483 0.003940098 -0.001442156 -0.615476841 0.002513470 0.615771697
220.400000 -0.001955390 0.003533499 -0.001563200 -0.701369411 0.002146400 0.701631091
220.500000 -0.002218297 0.003126901 -0.001684244 -0.787261981 0.001779329 0.787490485
220.600000 -0.002481204 0.002720302 -0.001805288 -0.873154551 0.001412258 0.873349879
220.700000 -0.002744112 0.002313703 -0.001926332 -0.959047122 0.001045187 0.959209273
220.800000 -0.003007019 0.001907105 -0.002047376 -1.044939692 0.000678116 1.045068667
220.900000 -0.003269926 0.001500506 -0.002168420 -1.130832262 0.000311045 1.130928060
221.000000 -0.003532833 0.001093907 -0.002289464 -1.216724832 -0.000056025 1.216787454
221.100000 -0.003469514 0.000722928 -0.002142745 -1.165708847 -0.000039842 1.165800010
221.200000 -0.003406195 0.000351948 -0.001996026 -1.114692861 -0.000023658 1.114812566
221.300000 -0.003342876 -0.000019031 -0.001849307 -1.063676876 -0.000007474 1.063825123
221.400000 -0.003279557 -0.000390011 -0.001702588 -1.012660890 0.000008709 1.012837679
221.500000 -0.003216237 -0.000760990 -0.001555869 -0.961644905 0.000024893 0.961850235
221.600000 -0.003152918 -0.001131970 -0.001409150 -0.910628919 0.000041077 0.910862791
221.700000 -0.003089599 -0.001502949 -0.001262431 -0.859612934 0.000057260 0.859875347
221.800000 -0.003026280 -0.001873929 -0.001115713 -0.808596948 0.000073444 0.808887903
221.900000 -0.002962960 -0.002244908 -0.000968994 -0.757580963 0.000089628 0.757900459
222.000000 -0.002899641 -0.002615888 -0.000822275 -0.706564978 0.000105811 0.706913015
222.100000 -0.002552340 -0.002336107 -0.000695180 -0.623381245 0.000168569 0.623676096
222.200000 -0.002205039 -0.002056327 -0.000568085 -0.540197513 0.000231327 0.540439177
222.300000 -0.001857738 -0.001776546 -0.000440991 -0.457013781 0.000294084 0.457202258
222.400000 -0.001510437 -0.001496766 -0.000313896 -0.373830048 0.000356842 0.373965338
222.500000 -0.001163135 -0.001216985 -0.000186801 -0.290646316 0.000419600 0.290728419
222.600000 -0.000815834 -0.000937205 -0.000059707 -0.207462583 0.000482357 0.207491500
222.700000 -0.000468533 -0.000657424 0.000067388 -0.124278851 0.000545115 0.124254580
222.800000 -0.000121232 -0.000377644 0.000194483 -0.041095119 0.000607873 0.041017661
222.900000 0.000226069 -0.000097863 0.000321577 0.042088614 0.000670630 -0.042219258
223.000000 0.000573371 0.000181917 0.000448672 0.125272346 0.000733388 -0.125456177
223.100000 0.000641932 0.000463327 0.000631922 0.140502244 0.000566942 -0.140795193
223.200000 0.000710494 0.000744738 0.000815172 0.155732141 0.000400496 -0.156134208
223.300000 0.000779056 0.001026149 0.000998423 0.170962039 0.000234050 -0.171473224
223.400000 0.000847618 0.001307559 0.001181673 0.186191937 0.000067604 -0.186812240
223.500000 0.000916179 0.001588970 0.001364923 0.201421835 -0.000098841 -0.202151255
223.600000 0.000984741 0.001870380 0.001548173 0.216651732 -0.000265287 -0.217490271
223.700000 0.001053303 0.002151790 0.001731424 0.231881630 -0.000431733 -0.232829286
223.800000 0.001121865 0.002433201 0.001914674 0.247111528 -0.000598179 -0.248168302
223.900000 0.001190426 0.002714612 0.002097924 0.262341426 -0.000764625 -0.263507317
224.000000 0.001258988 0.002996022 0.002281174 0.277571323 -0.000931071 -0.278846333
224.100000 0.001079692 0.003256860 0.002267895 0.210255217 -0.000877039 -0.211420401
224.200000 0.000900395 0.003517697 0.002254616 0.142939111 -0.000823007 -0.143994470
224.300000 0.000721099 0.003778535 0.002241336 0.075623005 -0.000768975 -0.076568538
224.400000 0.000541803 0.004039373 0.002228057 0.008306899 -0.000714943 -0.009142607
224.500000 0.000362507 0.004300211 0.002214778 -0.059009207 -0.000660911 0.058283325
224.600000 0.000183210 0.004561048 0.002201498 -0.126325313 -0.000606879 0.125709256
224.700000 0.000003914 0.004821886 0.002188219 -0.193641419 -0.000552847 0.193135188
224.800000 -0.000175382 0.005082724 0.002174940 -0.260957525 -0.000498815 0.260561119
224.900000 -0.000354678 0.005343562 0.002161661 -0.328273631 -0.000444783 0.327987051
225.000000 -0.000533975 0.005604400 0.002148381 -0.395589737 -0.000390751 0.395412982
225.100000 -0.000518003 0.005021799 0.001774815 -0.353758887 -0.000344540 0.353667134
225.200000 -0.000502031 0.004439198 0.001401250 -0.311928037 -0.000298329 0.311921285
225.300000 -0.000486058 0.003856598 0.001027684 -0.270097187 -0.000252119 0.270175436
225.400000 -0.000470086 0.003273997 0.000654118 -0.228266336 -0.000205908 0.228429587
225.500000 -0.000454114 0.002691397 0.000280552 -0.186435486 -0.000159697 0.186683739
225.600000 -0.000438142 0.002108796 -0.000093014 -0.144604636 -0.000113486 0.144937890
225.700000 -0.000422170 0.001526195 -0.000466580 -0.102773786 -0.000067276 0.103192041
225.800000 -0.000406198 0.000943595 -0.000840146 -0.060942935 -0.000021065 0.061446192
225.900000 -0.000390226 0.000360994 -0.001213712 -0.019112085 0.000025146 0.019700344
226.000000 -0.000374254 -0.000221607 -0.001587278 0.022718765 0.000071357 -0.022045505
226.100000 -0.000350918 -0.001137103 -0.001602622 0.117061277 0.000153335 -0.116527048
226.200000 -0.000327582 -0.002052600 -0.001617966 0.211403789 0.000235313 -0.211008591
226.300000 -0.000304246 -0.002968097 -0.001633310 0.305746301 0.000317291 -0.305490134
226.400000 -0.000280910 -0.003883594 -0.001648654 0.400088813 0.000399269 -0.399971677
226.500000 -0.000257574 -0.004799091 -0.001663999 0.494431325 0.000481247 -0.494453220
226.600000 -0.000234238 -0.005714587 -0.001679343 0.588773837 0.000563225 -0.588934763
226.700000 -0.000210902 -0.006630084 -0.001694687 0.683116349 0.000645203 -0.683416305
226.800000 -0.000187566 -0.007545581 -0.001710031 0.777458861 0.000727181 -0.777897848
226.900000 -0.000164230 -0.008461078 -0.001725376 0.871801373 0.000809160 -0.872379391
227.000000 -0.000140894 -0.009376574 -0.001740720 0.966143885 0.000891138 -0.966860934
227.100000 0.000051642 -0.008821444 -0.001521748 0.897974750 0.001126197 -0.898590001
227.200000 0.000244178 -0.008266314 -0.001302777 0.829805615 0.001361256 -0.830319068
227.300000 0.000436715 -0.007711183 -0.001083806 0.761636481 0.001596315 -0.762048136
227.400000 0.000629251 -0.007156052 -0.000864834 0.693467346 0.001831375 -0.693777203
227.500000 0.000821787 -0.006600922 -0.000645863 0.625298211 0.002066434 -0.625506270
227.600000 0.001014324 -0.006045792 -0.000426891 0.557129077 0.002301493 -0.557235337
227.700000 0.001206860 -0.005490661 -0.000207920 0.488959942 0.002536552 -0.488964404
227.800000 0.001399397 -0.004935530 0.000011051 0.420790807 0.002771612 -0.420693471
227.900000 0.001591933 -0.004380400 0.000230023 0.352621673 0.003006671 -0.352422538
228.000000 0.001784469 -0.003825270 0.000448994 0.284452538 0.003241730 -0.284151605
228.100000 0.001732334 -0.003059799 0.000485406 0.215575854 0.002933514 -0.215226610
228.200000 0.001680198 -0.002294329 0.000521818 0.146699170 0.002625298 -0.146301614
228.300000 0.001628063 -0.001528859 0.000558229 0.077822487 0.002317082 -0.077376619
228.400000 0.001575927 -0.000763389 0.000594641 0.008945803 0.002008866 -0.008451623
228.500000 0.001523791 0.000002081 0.000631053 -0.059930881 0.001700650 0.060473372
228.600000 0.001471656 0.000767551 0.000667465 -0.128807565 0.001392434 0.129398368
228.700000 0.001419520 0.001533021 0.000703876 -0.197684249 0.001084218 0.198323363
228.800000 0.001367385 0.002298491 0.000740288 -0.266560932 0.000776002 0.267248359
228.900000 0.001315249 0.003063961 0.000776700 -0.335437616 0.000467786 0.336173354
229.000000 0.001263114 0.003829431 0.000813112 -0.404314300 0.000159570 0.405098350
229.100000 0.001162449 0.003888833 0.000805999 -0.379923399 -0.000240023 0.380599238
229.200000 0.001061784 0.003948234 0.000798887 -0.355532498 -0.000639616 0.356100127
229.300000 0.000961119 0.004007636 0.000791774 -0.331141597 -0.001039208 0.331601015
229.400000 0.000860455 0.004067037 0.000784662 -0.306750696 -0.001438801 0.307101903
229.500000 0.000759790 0.004126439 0.000777549 -0.282359795 -0.001838394 0.282602792
229.600000 0.000659125 0.004185841 0.000770437 -0.257968894 -0.002237987 0.258103680
229.700000 0.000558460 0.004245242 0.000763324 -0.233577992 -0.002637579 0.233604568
229.800000 0.000457796 0.004304644 0.000756212 -0.209187091 -0.003037172 0.209105457
229.900000 0.000357131 0.004364045 0.000749099 -0.184796190 -0.003436765 0.184606345
230.000000 0.000256466 0.004423447 0.000741987 -0.160405289 -0.003836358 0.160107233
230.100000 0.000447340 0.004218796 0.000739885 -0.141992449 -0.003753263 0.141767421
230.200000 0.000638214 0.004014146 0.000737782 -0.123579609 -0.003670168 0.123427609
230.300000 0.000829087 0.003809495 0.000735680 -0.105166770 -0.003587073 0.105087796
230.400000 0.001019961 0.003604844 0.000733578 -0.086753930 -0.003503978 0.086747984
230.500000 0.001210835 0.003400194 0.000731476 -0.068341090 -0.003420883 0.068408172
230.600000 0.001401708 0.003195543 0.000729374 -0.049928250 -0.003337788 0.050068360
230.700000 0.001592582 0.002990892 0.000727271 -0.031515410 -0.003254694 0.031728547
230.800000 0.001783455 0.002786241 0.000725169 -0.013102570 -0.003171599 0.013388735
230.900000 0.001974329 0.002581591 0.000723067 0.005310269 -0.003088504 -0.004951077
231.000000 0.002165203 0.002376940 0.000720965 0.023723109 -0.003005409 -0.023290889
231.100000 0.001783165 0.001815567 0.000581236 0.015235150 -0.002383911 -0.014835138
231.200000 0.001401127 0.001254195 0.000441508 0.006747191 -0.001762414 -0.006379387
231.300000 0.001019089 0.000692822 0.000301780 -0.001740768 -0.001140916 0.002076364
231.400000 0.000637052 0.000131450 0.000162051 -0.010228727 -0.000519418 0.010532115
231.500000 0.000255014 -0.000429923 0.000022323 -0.018716686 0.000102079 0.018987866
231.600000 -0.000127024 -0.000991295 -0.000117405 -0.027204645 0.000723577 0.027443617
231.700000 -0.000509061 -0.001552668 -0.000257134 -0.035692604 0.001345075 0.035899368
231.800000 -0.000891099 -0.002114040 -0.000396862 -0.044180563 0.001966572 0.044355120
231.900000 -0.001273137 -0.002675413 -0.000536591 -0.052668522 0.002588070 0.052810871
232.000000 -0.001655175 -0.003236786 -0.000676319 -0.061156481 0.003209568 0.061266622
232.100000 -0.000725919 -0.003878139 -0.000535631 -0.032994002 0.004081094 0.033060256
232.200000 0.000203337 -0.004519493 -0.000394942 -0.004831523 0.004952620 0.004853891
232.300000 0.001132593 -0.005160847 -0.000254254 0.023330957 0.005824146 -0.023352475
232.400000 0.002061849 -0.005802201 -0.000113565 0.051493436 0.006695672 -0.051558840
232.500000 0.002991106 -0.006443555 0.000027123 0.079655916 0.007567198 -0.079765206
232.600000 0.003920362 -0.007084908 0.000167811 0.107818395 0.008438724 -0.107971571
232.700000 0.004849618 -0.007726262 0.000308500 0.135980875 0.009310250 -0.136177937
232.800000 0.005778874 -0.008367616 0.000449188 0.164143354 0.010181776 -0.164384303
232.900000 0.006708130 -0.009008970 0.000589876 0.192305833 0.011053302 -0.192590668
233.000000 0.007637386 -0.009650323 0.000730565 0.220468313 0.011924828 -0.220797034
233.100000 0.007768910 -0.008974602 0.000739312 0.220301943 0.011215494 -0.220661401
233.200000 0.007900433 -0.008298880 0.000748060 0.220135574 0.010506159 -0.220525768
233.300000 0.008031957 -0.007623158 0.000756807 0.219969204 0.009796825 -0.220390135
233.400000 0.008163481 -0.006947436 0.000765555 0.219802834 0.009087490 -0.220254503
233.500000 0.008295005 -0.006271714 0.000774302 0.219636465 0.008378156 -0.220118870
233.600000 0.008426529 -0.005595993 0.000783050 0.219470095 0.007668822 -0.219983237
233.700000 0.008558053 -0.004920271 0.000791797 0.219303726 0.006959487 -0.219847604
233.800000 0.008689577 -0.004244549 0.000800545 0.219137356 0.006250153 -0.219711972
233.900000 0.008821100 -0.003568827 0.000809292 0.218970987 0.005540819 -0.219576339
234.000000 0.008952624 -0.002893105 0.000818040 0.218804617 0.004831484 -0.219440706
234.100000 0.007067258 -0.001662081 0.000395616 0.171109632 0.003184442 -0.171704407
234.200000 0.005181891 -0.000431056 -0.000026809 0.123414647 0.001537400 -0.123968109
234.300000 0.003296525 0.000799969 -0.000449233 0.075719663 -0.000109642 -0.076231810
234.400000 0.001411158 0.002030994 -0.000871658 0.028024678 -0.001756684 -0.028495511
234.500000 -0.000474209 0.003262019 -0.001294082 -0.019670307 -0.003403726 0.019240788
234.600000 -0.002359575 0.004493043 -0.001716507 -0.067365292 -0.005050768 0.066977087
234.700000 -0.004244942 0.005724068 -0.002138931 -0.115060276 -0.006697810 0.114713386
234.800000 -0.006130308 0.006955093 -0.002561355 -0.162755261 -0.008344852 0.162449684
234.900000 -0.008015675 0.008186118 -0.002983780 -0.210450246 -0.009991894 0.210185983
235.000000 -0.009901041 0.009417143 -0.003406204 -0.258145231 -0.011638936 0.257922282
235.100000 -0.009952868 0.009067373 -0.003356627 -0.254655655 -0.011467355 0.254577037
235.200000 -0.010004695 0.008717603 -0.003307050 -0.251166080 -0.011295774 0.251231791
235.300000 -0.010056521 0.008367834 -0.003257473 -0.247676504 -0.011124193 0.247886546
235.400000 -0.010108348 0.008018064 -0.003207897 -0.244186929 -0.010952612 0.244541300
235.500000 -0.010160175 0.007668294 -0.003158320 -0.240697353 -0.010781030 0.241196055
235.600000 -0.010212002 0.007318525 -0.003108743 -0.237207778 -0.010609449 0.237850810
235.700000 -0.010263828 0.006968755 -0.003059166 -0.233718202 -0.010437868 0.234505564
235.800000 -0.010315655 0.006618985 -0.003009589 -0.230228627 -0.010266287 0.231160319
235.900000 -0.010367482 0.006269215 -0.002960012 -0.226739051 -0.010094706 0.227815073
236.000000 -0.010419309 0.005919446 -0.002910435 -0.223249476 -0.009923125 0.224469828
236.100000 -0.009236503 0.005241376 -0.002579749 -0.199230809 -0.008841561 0.200415106
236.200000 -0.008053698 0.004563306 -0.002249062 -0.175212142 -0.007759998 0.176360383
236.300000 -0.006870892 0.003885236 -0.001918376 -0.151193475 -0.006678435 0.152305661
236.400000 -0.005688087 0.003207166 -0.001587689 -0.127174808 -0.005596872 0.128250938
236.500000 -0.004505282 0.002529096 -0.001257003 -0.103156141 -0.004515309 0.104196216
236.600000 -0.003322476 0.001851026 -0.000926317 -0.079137473 -0.003433746 0.080141493
236.700000 -0.002139671 0.001172956 -0.000595630 -0.055118806 -0.002352182 0.056086771
236.800000 -0.000956865 0.000494886 -0.000264944 -0.031100139 -0.001270619 0.032032048
236.900000 0.000225940 -0.000183184 0.000065742 -0.007081472 -0.000189056 0.007977326
237.000000 0.001408745 -0.000861253 0.000396429 0.016937195 0.000892507 -0.016077396
237.100000 0.001864059 -0.000951160 0.000492114 0.024862540 0.001259608 -0.023995365
237.200000 0.002319372 -0.001041066 0.000587799 0.032787884 0.001626709 -0.031913334
237.300000 0.002774686 -0.001130972 0.000683484 0.040713229 0.001993810 -0.039831303
237.400000 0.003229999 -0.001220878 0.000779169 0.048638574 0.002360911 -0.047749272
237.500000 0.003685313 -0.001310785 0.000874855 0.056563919 0.002728012 -0.055667241
237.600000 0.004140626 -0.001400691 0.000970540 0.064489264 0.003095113 -0.063585210
237.700000 0.004595940 -0.001490597 0.001066225 0.072414609 0.003462214 -0.071503178
237.800000 0.005051253 -0.001580503 0.001161910 0.080339954 0.003829315 -0.079421147
237.900000 0.005506567 -0.001670409 0.001257595 0.088265298 0.004196416 -0.087339116
238.000000 0.005961880 -0.001760316 0.001353280 0.096190643 0.004563517 -0.095257085
238.100000 0.005451214 -0.001666504 0.001183024 0.086104580 0.004199055 -0.085227888
238.200000 0.004940548 -0.001572692 0.001012768 0.076018517 0.003834592 -0.075198691
238.300000 0.004429882 -0.001478880 0.000842512 0.065932454 0.003470129 -0.065169494
238.400000 0.003919216 -0.001385068 0.000672256 0.055846391 0.003105667 -0.055140297
238.500000 0.003408550 -0.001291257 0.000501999 0.045760328 0.002741204 -0.045111100
238.600000 0.002897884 -0.001197445 0.000331743 0.035674265 0.002376741 -0.035081903
238.700000 0.002387218 -0.001103633 0.000161487 0.025588201 0.002012279 -0.025052706
238.800000 0.001876552 -0.001009821 -0.000008769 0.015502138 0.001647816 -0.015023509
238.900000 0.001365886 -0.000916010 -0.000179025 0.005416075 0.001283353 -0.004994312
239.000000 0.000855220 -0.000822198 -0.000349281 -0.004669988 0.000918891 0.005034885
239.100000 0.000441205 -0.000502235 -0.000484534 -0.006541633 0.000440013 0.006785127
239.200000 0.000027190 -0.000182273 -0.000619787 -0.008413277 -0.000038864 0.008535369
239.300000 -0.000386825 0.000137690 -0.000755040 -0.010284922 -0.000517741 0.010285612
239.400000 -0.000800840 0.000457653 -0.000890293 -0.012156567 -0.000996619 0.012035854
239.500000 -0.001214855 0.000777615 -0.001025545 -0.014028212 -0.001475496 0.013786097
239.600000 -0.001628869 0.001097578 -0.001160798 -0.015899857 -0.001954373 0.015536339
239.700000 -0.002042884 0.001417540 -0.001296051 -0.017771502 -0.002433250 0.017286582
239.800000 -0.002456899 0.001737503 -0.001431304 -0.019643147 -0.002912128 0.019036824
239.900000 -0.002870914 0.002057466 -0.001566557 -0.021514791 -0.003391005 0.020787067
240.000000 -0.003284929 0.002377428 -0.001701809 -0.023386436 -0.003869882 0.022537309
240.100000 -0.002910254 0.002095868 -0.001619957 -0.018061303 -0.003402394 0.017362276
240.200000 -0.002535578 0.001814308 -0.001538104 -0.012736169 -0.002934906 0.012187243
240.300000 -0.002160903 0.001532748 -0.001456250 -0.007411036 -0.002467418 0.007012210
240.400000 -0.001786227 0.001251188 -0.001374397 -0.002085902 -0.001999929 0.001837177
240.500000 -0.001411551 0.000969628 -0.001292544 0.003239231 -0.001532441 -0.003337856
240.600000 -0.001036876 0.000688068 -0.001210692 0.008564365 -0.001064953 -0.008512889
240.700000 -0.000662200 0.000406508 -0.001128839 0.013889498 -0.000597465 -0.013687922
240.800000 -0.000287525 0.000124948 -0.001046985 0.019214632 -0.000129976 -0.018862955
240.900000 0.000087151 -0.000156612 -0.000965132 0.024539765 0.000337512 -0.024037988
241.000000 0.000461826 -0.000438172 -0.000883280 0.029864899 0.000805000 -0.029213021
241.100000 0.000531990 -0.000992871 -0.000811150 0.021237222 0.001199433 -0.020611851
241.200000 0.000602155 -0.001547570 -0.000739020 0.012609546 0.001593865 -0.012010681
241.300000 0.000672319 -0.002102269 -0.000666890 0.003981869 0.001988297 -0.003409511
241.400000 0.000742483 -0.002656968 -0.000594761 -0.004645808 0.002382730 0.005191660
241.500000 0.000812647 -0.003211667 -0.000522631 -0.013273484 0.002777162 0.013792830
241.600000 0.000882811 -0.003766367 -0.000450501 -0.021901161 0.003171594 0.022394000
241.700000 0.000952975 -0.004321066 -0.000378372 -0.030528838 0.003566027 0.030995171
241.800000 0.001023140 -0.004875765 -0.000306242 -0.039156514 0.003960459 0.039596341
241.900000 0.001093304 -0.005430464 -0.000234112 -0.047784191 0.004354892 0.048197511
242.000000 0.001163468 -0.005985163 -0.000161983 -0.056411867 0.004749324 0.056798681
242.100000 0.000928776 -0.005535897 -0.000083003 -0.055930712 0.004194429 0.056138062
242.200000 0.000694084 -0.005086631 -0.000004022 -0.055449556 0.003639535 0.055477443
242.300000 0.000459392 -0.004637365 0.000074958 -0.054968400 0.003084640 0.054816823
242.400000 0.000224700 -0.004188099 0.000153938 -0.054487244 0.002529746 0.054156204
242.500000 -0.000009992 -0.003738834 0.000232919 -0.054006088 0.001974851 0.053495585
242.600000 -0.000244684 -0.003289568 0.000311899 -0.053524932 0.001419957 0.052834965
242.700000 -0.000479376 -0.002840302 0.000390879 -0.053043776 0.000865062 0.052174346
242.800000 -0.000714068 -0.002391036 0.000469859 -0.052562620 0.000310168 0.051513727
242.900000 -0.000948760 -0.001941770 0.000548840 -0.052081464 -0.000244727 0.050853107
243.000000 -0.001183452 -0.001492504 0.000627820 -0.051600308 -0.000799621 0.050192488
243.100000 -0.000913692 -0.001019018 0.000585618 -0.040693472 -0.000895733 0.039494246
243.200000 -0.000643933 -0.000545531 0.000543416 -0.029786637 -0.000991845 0.028796005
243.300000 -0.000374173 -0.000072044 0.000501214 -0.018879801 -0.001087957 0.018097763
243.400000 -0.000104413 0.000401442 0.000459012 -0.007972965 -0.001184069 0.007399522
243.500000 0.000165347 0.000874929 0.000416810 0.002933871 -0.001280181 -0.003298720
243.600000 0.000435106 0.001348415 0.000374608 0.013840707 -0.001376293 -0.013996962
243.700000 0.000704866 0.001821902 0.000332406 0.024747543 -0.001472405 -0.024695203
243.800000 0.000974626 0.002295389 0.000290204 0.035654379 -0.001568517 -0.035393445
243.900000 0.001244386 0.002768875 0.000248002 0.046561214 -0.001664629 -0.046091686
244.000000 0.001514145 0.003242362 0.000205799 0.057468050 -0.001760741 -0.056789928
244.100000 0.001226578 0.002804980 0.000067622 0.048849557 -0.001648499 -0.048079257
244.200000 0.000939010 0.002367598 -0.000070555 0.040231063 -0.001536257 -0.039368587
244.300000 0.000651443 0.001930215 -0.000208732 0.031612570 -0.001424015 -0.030657916
244.400000 0.000363875 0.001492833 -0.000346909 0.022994077 -0.001311773 -0.021947245
244.500000 0.000076308 0.001055451 -0.000485086 0.014375583 -0.001199531 -0.013236575
244.600000 -0.000211260 0.000618069 -0.000623263 0.005757090 -0.001087289 -0.004525904
244.700000 -0.000498827 0.000180687 -0.000761440 -0.002861404 -0.000975047 0.004184766
244.800000 -0.000786395 -0.000256696 -0.000899618 -0.011479897 -0.000862805 0.012895437
244.900000 -0.001073962 -0.000694078 -0.001037795 -0.020098390 -0.000750563 0.021606108
245.000000 -0.001361529 -0.001131460 -0.001175972 -0.028716884 -0.000638321 0.030316778
245.100000 -0.001641279 -0.001260105 -0.001124737 -0.033891881 -0.000733333 0.035278057
245.200000 -0.001921029 -0.001388751 -0.001073503 -0.039066877 -0.000828344 0.040239335
245.300000 -0.002200779 -0.001517396 -0.001022269 -0.044241874 -0.000923356 0.045200614
245.400000 -0.002480528 -0.001646042 -0.000971034 -0.049416871 -0.001018367 0.050161893
245.500000 -0.002760278 -0.001774687 -0.000919800 -0.054591868 -0.001113379 0.055123171
245.600000 -0.003040028 -0.001903333 -0.000868566 -0.059766865 -0.001208390 0.060084450
245.700000 -0.003319777 -0.002031978 -0.000817331 -0.064941862 -0.001303402 0.065045728
245.800000 -0.003599527 -0.002160623 -0.000766097 -0.070116859 -0.001398413 0.070007007
245.900000 -0.003879277 -0.002289269 -0.000714863 -0.075291856 -0.001493425 0.074968286
246.000000 -0.004159026 -0.002417914 -0.000663628 -0.080466853 -0.001588436 0.079929564
246.100000 -0.003609135 -0.002041634 -0.000611401 -0.069697200 -0.001413744 0.069101010
246.200000 -0.003059244 -0.001665353 -0.000559173 -0.058927548 -0.001239053 0.058272457
246.300000 -0.002509352 -0.001289072 -0.000506946 -0.048157895 -0.001064361 0.047443903
246.400000 -0.001959461 -0.000912791 -0.000454718 -0.037388242 -0.000889670 0.036615349
246.500000 -0.001409569 -0.000536510 -0.000402490 -0.026618590 -0.000714978 0.025786795
246.600000 -0.000859678 -0.000160230 -0.000350263 -0.015848937 -0.000540286 0.014958241
246.700000 -0.000309787 0.000216051 -0.000298035 -0.005079285 -0.000365595 0.004129687
246.800000 0.000240105 0.000592332 -0.000245808 0.005690368 -0.000190903 -0.006698866
246.900000 0.000789996 0.000968613 -0.000193580 0.016460020 -0.000016212 -0.017527420
247.000000 0.001339887 0.001344893 -0.000141353 0.027229673 0.000158480 -0.028355974
247.100000 0.001480413 0.001553330 -0.000135863 0.031279646 0.000053790 -0.032319699
247.200000 0.001620938 0.001761767 -0.000130374 0.035329620 -0.000050899 -0.036283425
247.300000 0.001761463 0.001970204 -0.000124884 0.039379594 -0.000155589 -0.040247150
247.400000 0.001901989 0.002178641 -0.000119395 0.043429567 -0.000260279 -0.044210875
247.500000 0.002042514 0.002387078 -0.000113906 0.047479541 -0.000364968 -0.048174601
247.600000 0.002183039 0.002595515 -0.000108416 0.051529515 -0.000469658 -0.052138326
247.700000 0.002323565 0.002803952 -0.000102927 0.055579488 -0.000574348 -0.056102051
247.800000 0.002464090 0.003012389 -0.000097437 0.059629462 -0.000679037 -0.060065777
247.900000 0.002604615 0.003220826 -0.000091948 0.063679436 -0.000783727 -0.064029502
248.000000 0.002745140 0.003429264 -0.000086459 0.067729409 -0.000888417 -0.067993227
248.100000 0.002563423 0.003164577 -0.000035361 0.062327040 -0.000869207 -0.062548383
248.200000 0.002381705 0.002899890 0.000015737 0.056924671 -0.000849997 -0.057103539
248.300000 0.002199988 0.002635203 0.000066835 0.051522302 -0.000830788 -0.051658695
248.400000 0.002018270 0.002370517 0.000117933 0.046119933 -0.000811578 -0.046213851
248.500000 0.001836553 0.002105830 0.000169031 0.040717564 -0.000792368 -0.040769007
248.600000 0.001654835 0.001841143 0.000220129 0.035315194 -0.000773159 -0.035324163
248.700000 0.001473118 0.001576457 0.000271227 0.029912825 -0.000753949 -0.029879319
248.800000 0.001291400 0.001311770 0.000322325 0.024510456 -0.000734739 -0.024434475
248.900000 0.001109683 0.001047083 0.000373423 0.019108087 -0.000715530 -0.018989631
249.000000 0.000927965 0.000782396 0.000424521 0.013705718 -0.000696320 -0.013544787
249.100000 0.000754623 0.000359880 0.000498953 0.006397532 -0.000477506 -0.006285922
249.200000 0.000581280 -0.000062636 0.000573385 -0.000910655 -0.000258693 0.000972943
249.300000 0.000407938 -0.000485153 0.000647817 -0.008218841 -0.000039880 0.008231808
249.400000 0.000234595 -0.000907669 0.000722249 -0.015527027 0.000178934 0.015490673
249.500000 0.000061253 -0.001330186 0.000796680 -0.022835213 0.000397747 0.022749538
249.600000 -0.000112089 -0.001752702 0.000871112 -0.030143400 0.000616561 0.030008403
249.700000 -0.000285432 -0.002175218 0.000945544 -0.037451586 0.000835374 0.037267269
249.800000 -0.000458774 -0.002597735 0.001019976 -0.044759772 0.001054188 0.044526134
249.900000 -0.000632117 -0.003020251 0.001094408 -0.052067959 0.001273001 0.051784999
250.000000 -0.000805459 -0.003442768 0.001168840 -0.059376145 0.001491815 0.059043864
250.100000 -0.000793634 -0.003130992 0.001165800 -0.055026869 0.001324542 0.054734862
250.200000 -0.000781809 -0.002819216 0.001162760 -0.050677593 0.001157269 0.050425859
250.300000 -0.000769985 -0.002507440 0.001159721 -0.046328318 0.000989996 0.046116857
250.400000 -0.000758160 -0.002195664 0.001156681 -0.041979042 0.000822723 0.041807855
250.500000 -0.000746335 -0.001883889 0.001153642 -0.037629766 0.000655450 0.037498853
250.600000 -0.000734510 -0.001572113 0.001150602 -0.033280491 0.000488177 0.033189851
250.700000 -0.000722685 -0.001260337 0.001147562 -0.028931215 0.000320904 0.028880848
250.800000 -0.000710860 -0.000948561 0.001144523 -0.024581939 0.000153631 0.024571846
250.900000 -0.000699036 -0.000636785 0.001141483 -0.020232664 -0.000013642 0.020262844
251.000000 -0.000687211 -0.000325009 0.001138443 -0.015883388 -0.000180915 0.015953842
251.100000 -0.000381681 -0.000177702 0.001113872 -0.010761904 -0.000072578 0.010869011
251.200000 -0.000076151 -0.000030395 0.001089301 -0.005640419 0.000035758 0.005784181
251.300000 0.000229379 0.000116912 0.001064730 -0.000518934 0.000144095 0.000699350
251.400000 0.000534909 0.000264218 0.001040159 0.004602550 0.000252432 -0.004385480
251.500000 0.000840439 0.000411525 0.001015588 0.009724035 0.000360769 -0.009470311
251.600000 0.001145968 0.000558832 0.000991017 0.014845520 0.000469106 -0.014555141
251.700000 0.001451498 0.000706139 0.000966445 0.019967004 0.000577443 -0.019639972
251.800000 0.001757028 0.000853446 0.000941874 0.025088489 0.000685780 -0.024724802
251.900000 0.002062558 0.001000753 0.000917303 0.030209974 0.000794117 -0.029809633
252.000000 0.002368088 0.001148060 0.000892732 0.035331458 0.000902454 -0.034894463
252.100000 0.002412583 0.000968599 0.000901053 0.034270194 0.001055174 -0.033869228
252.200000 0.002457078 0.000789139 0.000909373 0.033208929 0.001207894 -0.032843992
252.300000 0.002501574 0.000609678 0.000917694 0.032147664 0.001360614 -0.031818757
252.400000 0.002546069 0.000430217 0.000926014 0.031086400 0.001513334 -0.030793522
252.500000 0.002590565 0.000250757 0.000934335 0.030025135 0.001666054 -0.029768286
252.600000 0.002635060 0.000071296 0.000942656 0.028963870 0.001818774 -0.028743051
252.700000 0.002679555 -0.000108165 0.000950976 0.027902606 0.001971494 -0.027717816
252.800000 0.002724051 -0.000287625 0.000959297 0.026841341 0.002124214 -0.026692580
252.900000 0.002768546 -0.000467086 0.000967618 0.025780076 0.002276933 -0.025667345
253.000000 0.002813041 -0.000646546 0.000975938 0.024718812 0.002429653 -0.024642110
253.100000 0.002430535 -0.000433407 0.000878232 0.023268056 0.002038788 -0.023191639
253.200000 0.002048030 -0.000220268 0.000780525 0.021817301 0.001647924 -0.021741168
253.300000 0.001665524 -0.000007128 0.000682818 0.020366545 0.001257059 -0.020290697
253.400000 0.001283018 0.000206011 0.000585112 0.018915789 0.000866194 -0.018840226
253.500000 0.000900512 0.000419151 0.000487405 0.017465034 0.000475329 -0.017389755
253.600000 0.000518006 0.000632290 0.000389698 0.016014278 0.000084464 -0.015939284
253.700000 0.000135500 0.000845430 0.000291992 0.014563523 -0.000306401 -0.014488813
253.800000 -0.000247005 0.001058569 0.000194285 0.013112767 -0.000697266 -0.013038342
253.900000 -0.000629511 0.001271709 0.000096578 0.011662011 -0.001088131 -0.011587871
254.000000 -0.001012017 0.001484848 -0.000001128 0.010211256 -0.001478996 -0.010137400
254.100000 -0.001176570 0.001372581 -0.000001582 0.006324394 -0.001571782 -0.006318437
254.200000 -0.001341123 0.001260313 -0.000002036 0.002437531 -0.001664569 -0.002499475
254.300000 -0.001505675 0.001148046 -0.000002490 -0.001449331 -0.001757355 0.001319488
254.400000 -0.001670228 0.001035778 -0.000002944 -0.005336193 -0.001850141 0.005138451
254.500000 -0.001834781 0.000923511 -0.000003398 -0.009223056 -0.001942928 0.008957413
254.600000 -0.001999334 0.000811243 -0.000003852 -0.013109918 -0.002035714 0.012776376
254.700000 -0.002163887 0.000698976 -0.000004306 -0.016996780 -0.002128501 0.016595339
254.800000 -0.002328439 0.000586708 -0.000004760 -0.020883642 -0.002221287 0.020414302
254.900000 -0.002492992 0.000474441 -0.000005214 -0.024770505 -0.002314074 0.024233264
255.000000 -0.002657545 0.000362173 -0.000005668 -0.028657367 -0.002406860 0.028052227
255.100000 -0.002345883 0.000274224 -0.000016539 -0.026095793 -0.002137739 0.025515305
255.200000 -0.002034221 0.000186275 -0.000027410 -0.023534218 -0.001868619 0.022978383
255.300000 -0.001722559 0.000098326 -0.000038281 -0.020972644 -0.001599498 0.020441460
255.400000 -0.001410897 0.000010377 -0.000049152 -0.018411070 -0.001330378 0.017904538
255.500000 -0.001099235 -0.000077571 -0.000060024 -0.015849496 -0.001061257 0.015367616
255.600000 -0.000787573 -0.000165520 -0.000070895 -0.013287922 -0.000792137 0.012830694
255.700000 -0.000475911 -0.000253469 -0.000081766 -0.010726347 -0.000523016 0.010293772
255.800000 -0.000164249 -0.000341418 -0.000092637 -0.008164773 -0.000253895 0.007756849
255.900000 0.000147413 -0.000429367 -0.000103508 -0.005603199 0.000015225 0.005219927
256.000000 0.000459075 -0.000517316 -0.000114380 -0.003041625 0.000284346 0.002683005
256.100000 0.000265911 -0.000674951 -0.000259156 -0.006833388 0.000372094 0.006573790
256.200000 0.000072747 -0.000832586 -0.000403932 -0.010625151 0.000459843 0.010464576
256.300000 -0.000120418 -0.000990221 -0.000548708 -0.014416914 0.000547591 0.014355361
256.400000 -0.000313582 -0.001147856 -0.000693485 -0.018208677 0.000635340 0.018246147
256.500000 -0.000506746 -0.001305491 -0.000838261 -0.022000440 0.000723088 0.022136932
256.600000 -0.000699910 -0.001463126 -0.000983037 -0.025792203 0.000810836 0.026027718
256.700000 -0.000893074 -0.001620761 -0.001127814 -0.029583967 0.000898585 0.029918503
256.800000 -0.001086239 -0.001778396 -0.001272590 -0.033375730 0.000986333 0.033809289
256.900000 -0.001279403 -0.001936031 -0.001417366 -0.037167493 0.001074082 0.037700074
257.000000 -0.001472567 -0.002093665 -0.001562143 -0.040959256 0.001161830 0.041590860
257.100000 -0.001829720 -0.002257530 -0.001464419 -0.047556365 0.001024279 0.048192868
257.200000 -0.002186873 -0.002421394 -0.001366695 -0.054153475 0.000886728 0.054794876
257.300000 -0.002544025 -0.002585258 -0.001268971 -0.060750584 0.000749177 0.061396884
257.400000 -0.002901178 -0.002749123 -0.001171247 -0.067347693 0.000611626 0.067998892
257.500000 -0.003258331 -0.002912987 -0.001073523 -0.073944802 0.000474075 0.074600900
257.600000 -0.003615484 -0.003076851 -0.000975798 -0.080541911 0.000336523 0.081202908
257.700000 -0.003972637 -0.003240716 -0.000878074 -0.087139021 0.000198972 0.087804916
257.800000 -0.004329790 -0.003404580 -0.000780350 -0.093736130 0.000061421 0.094406924
257.900000 -0.004686942 -0.003568444 -0.000682626 -0.100333239 -0.000076130 0.101008932
258.000000 -0.005044095 -0.003732309 -0.000584902 -0.106930348 -0.000213681 0.107610939
258.100000 -0.004400431 -0.003151289 -0.000348395 -0.092758964 -0.000272279 0.093414964
258.200000 -0.003756767 -0.002570269 -0.000111888 -0.078587580 -0.000330876 0.079218989
258.300000 -0.003113103 -0.001989248 0.000124620 -0.064416195 -0.000389474 0.065023014
258.400000 -0.002469439 -0.001408228 0.000361127 -0.050244811 -0.000448071 0.050827038
258.500000 -0.001825775 -0.000827208 0.000597634 -0.036073427 -0.000506669 0.036631063
258.600000 -0.001182111 -0.000246188 0.000834142 -0.021902042 -0.000565266 0.022435088
258.700000 -0.000538447 0.000334832 0.001070649 -0.007730658 -0.000623864 0.008239113
258.800000 0.000105217 0.000915852 0.001307156 0.006440726 -0.000682461 -0.005956863
258.900000 0.000748881 0.001496872 0.001543663 0.020612110 -0.000741059 -0.020152838
259.000000 0.001392545 0.002077892 0.001780171 0.034783495 -0.000799656 -0.034348813
259.100000 0.001740314 0.002137985 0.001771532 0.040740802 -0.000606284 -0.040376194
259.200000 0.002088082 0.002198078 0.001762893 0.046698109 -0.000412912 -0.046403575
259.300000 0.002435851 0.002258170 0.001754254 0.052655416 -0.000219540 -0.052430956
259.400000 0.002783620 0.002318263 0.001745615 0.058612723 -0.000026168 -0.058458337
259.500000 0.003131389 0.002378356 0.001736976 0.064570030 0.000167204 -0.064485718
259.600000 0.003479157 0.002438448 0.001728337 0.070527337 0.000360576 -0.070513099
259.700000 0.003826926 0.002498541 0.001719698 0.076484644 0.000553948 -0.076540479
259.800000 0.004174695 0.002558634 0.001711059 0.082441951 0.000747320 -0.082567860
259.900000 0.004522464 0.002618727 0.001702420 0.088399258 0.000940692 -0.088595241
260.000000 0.004870232 0.002678819 0.001693781 0.094356565 0.001134064 -0.094622622
260.100000 0.004485953 0.002336834 0.001583470 0.086450914 0.001151940 -0.086733209
260.200000 0.004101674 0.001994849 0.001473159 0.078545264 0.001169815 -0.078843796
260.300000 0.003717395 0.001652863 0.001362847 0.070639613 0.001187691 -0.070954383
260.400000 0.003333115 0.001310878 0.001252536 0.062733962 0.001205566 -0.063064971
260.500000 0.002948836 0.000968892 0.001142224 0.054828312 0.001223442 -0.055175558
260.600000 0.002564557 0.000626907 0.001031913 0.046922661 0.001241317 -0.047286145
260.700000 0.002180278 0.000284922 0.000921602 0.039017010 0.001259193 -0.039396732
260.800000 0.001795998 -0.000057064 0.000811290 0.031111360 0.001277068 -0.031507319
260.900000 0.001411719 -0.000399049 0.000700979 0.023205709 0.001294944 -0.023617906
261.000000 0.001027440 -0.000741035 0.000590667 0.015300058 0.001312819 -0.015728493
261.100000 0.001034620 -0.000661430 0.000567827 0.016136063 0.001227414 -0.016490634
261.200000 0.001041801 -0.000581826 0.000544986 0.016972067 0.001142008 -0.017252774
261.300000 0.001048981 -0.000502222 0.000522145 0.017808072 0.001056603 -0.018014914
261.400000 0.001056162 -0.000422618 0.000499304 0.018644076 0.000971198 -0.018777055
261.500000 0.001063342 -0.000343014 0.000476464 0.019480081 0.000885792 -0.019539195
261.600000 0.001070523 -0.000263409 0.000453623 0.020316085 0.000800387 -0.020301335
261.700000 0.001077703 -0.000183805 0.000430782 0.021152090 0.000714981 -0.021063476
261.800000 0.001084884 -0.000104201 0.000407941 0.021988094 0.000629576 -0.021825616
261.900000 0.001092064 -0.000024597 0.000385101 0.022824099 0.000544171 -0.022587756
262.000000 0.001099245 0.000055007 0.000362260 0.023660103 0.000458765 -0.023349896
262.100000 0.000939785 0.000070681 0.000317787 0.020920734 0.000346641 -0.020575626
262.200000 0.000780325 0.000086355 0.000273315 0.018181364 0.000234517 -0.017801355
262.300000 0.000620866 0.000102029 0.000228842 0.015441994 0.000122393 -0.015027084
262.400000 0.000461406 0.000117703 0.000184369 0.012702625 0.000010269 -0.012252813
262.500000 0.000301946 0.000133376 0.000139897 0.009963255 -0.000101855 -0.009478542
262.600000 0.000142487 0.000149050 0.000095424 0.007223885 -0.000213980 -0.006704271
262.700000 -0.000016973 0.000164724 0.000050951 0.004484516 -0.000326104 -0.003930000
262.800000 -0.000176433 0.000180398 0.000006479 0.001745146 -0.000438228 -0.001155729
262.900000 -0.000335892 0.000196072 -0.000037994 -0.000994224 -0.000550352 0.001618542
263.000000 -0.000495352 0.000211745 -0.000082467 -0.003733593 -0.000662476 0.004392813
263.100000 -0.000802613 -0.000727986 -0.000084706 -0.013907215 0.000029284 0.014488005
263.200000 -0.001109875 -0.001667717 -0.000086946 -0.024080837 0.000721044 0.024583197
263.300000 -0.001417136 -0.002607448 -0.000089186 -0.034254459 0.001412803 0.034678389
263.400000 -0.001724397 -0.003547180 -0.000091425 -0.044428081 0.002104563 0.044773580
263.500000 -0.002031658 -0.004486911 -0.000093665 -0.054601703 0.002796323 0.054868772
263.600000 -0.002338920 -0.005426642 -0.000095904 -0.064775325 0.003488083 0.064963964
263.700000 -0.002646181 -0.006366373 -0.000098144 -0.074948947 0.004179843 0.075059156
263.800000 -0.002953442 -0.007306105 -0.000100384 -0.085122569 0.004871602 0.085154348
263.900000 -0.003260703 -0.008245836 -0.000102623 -0.095296191 0.005563362 0.095249540
264.000000 -0.003567965 -0.009185567 -0.000104863 -0.105469813 0.006255122 0.105344732
264.100000 -0.003186461 -0.009223493 -0.000037774 -0.100555758 0.006448121 0.100352910
264.200000 -0.002804958 -0.009261418 0.000029314 -0.095641703 0.006641119 0.095361088
264.300000 -0.002423454 -0.009299343 0.000096403 -0.090727649 0.006834118 0.090369265
264.400000 -0.002041951 -0.009337269 0.000163491 -0.085813594 0.007027117 0.085377443
264.500000 -0.001660447 -0.009375194 0.000230580 -0.080899539 0.007220115 0.080385621
264.600000 -0.001278944 -0.009413119 0.000297668 -0.075985484 0.007413114 0.075393798
264.700000 -0.000897440 -0.009451045 0.000364757 -0.071071429 0.007606113 0.070401976
264.800000 -0.000515937 -0.009488970 0.000431845 -0.066157375 0.007799111 0.065410154
264.900000 -0.000134433 -0.009526895 0.000498934 -0.061243320 0.007992110 0.060418332
265.000000 0.000247070 -0.009564821 0.000566023 -0.056329265 0.008185109 0.055426509
265.100000 0.000529351 -0.008004968 0.000628529 -0.043297593 0.006952065 0.042463040
265.200000 0.000811631 -0.006445114 0.000691035 -0.030265922 0.005719022 0.029499571
265.300000 0.001093912 -0.004885261 0.000753541 -0.017234250 0.004485978 0.016536101
265.400000 0.001376192 -0.003325408 0.000816047 -0.004202579 0.003252934 0.003572632
265.500000 0.001658473 -0.001765555 0.000878553 0.008829093 0.002019891 -0.009390837
265.600000 0.001940754 -0.000205702 0.000941059 0.021860764 0.000786847 -0.022354307
265.700000 0.002223034 0.001354151 0.001003565 0.034892436 -0.000446196 -0.035317776
265.800000 0.002505315 0.002914005 0.001066071 0.047924108 -0.001679240 -0.048281246
265.900000 0.002787595 0.004473858 0.001128577 0.060955779 -0.002912284 -0.061244715
266.000000 0.003069875 0.006033711 0.001191083 0.073987451 -0.004145327 -0.074208184
266.100000 0.002892442 0.006159492 0.001226048 0.072904897 -0.004342265 -0.073028180
266.200000 0.002715009 0.006285273 0.001261013 0.071822344 -0.004539203 -0.071848177
266.300000 0.002537576 0.006411054 0.001295979 0.070739791 -0.004736142 -0.070668173
266.400000 0.002360142 0.006536835 0.001330944 0.069657238 -0.004933080 -0.069488169
266.500000 0.002182709 0.006662616 0.001365909 0.068574685 -0.005130018 -0.068308165
266.600000 0.002005276 0.006788397 0.001400874 0.067492131 -0.005326956 -0.067128161
266.700000 0.001827842 0.006914179 0.001435840 0.066409578 -0.005523894 -0.065948158
266.800000 0.001650409 0.007039960 0.001470805 0.065327025 -0.005720832 -0.064768154
266.900000 0.001472976 0.007165741 0.001505770 0.064244472 -0.005917770 -0.063588150
267.000000 0.001295542 0.007291522 0.001540735 0.063161918 -0.006114708 -0.062408146
267.100000 0.001147767 0.006817225 0.001510913 0.058596539 -0.005831643 -0.057859978
267.200000 0.000999992 0.006342927 0.001481090 0.054031159 -0.005548577 -0.053311809
267.300000 0.000852216 0.005868630 0.001451268 0.049465779 -0.005265512 -0.048763641
267.400000 0.000704441 0.005394333 0.001421446 0.044900399 -0.004982446 -0.044215472
267.500000 0.000556666 0.004920036 0.001391623 0.040335019 -0.004699381 -0.039667304
267.600000 0.000408890 0.004445738 0.001361801 0.035769639 -0.004416315 -0.035119135
267.700000 0.000261115 0.003971441 0.001331978 0.031204259 -0.004133249 -0.030570967
267.800000 0.000113339 0.003497144 0.001302156 0.026638879 -0.003850184 -0.026022798
267.900000 -0.000034436 0.003022847 0.001272333 0.022073500 -0.003567118 -0.021474630
268.000000 -0.000182211 0.002548550 0.001242511 0.017508120 -0.003284053 -0.016926461
268.100000 -0.000470369 0.002209303 0.001214068 0.012926875 -0.002944375 -0.012492028
268.200000 -0.000758527 0.001870057 0.001185624 0.008345630 -0.002604697 -0.008057594
268.300000 -0.001046686 0.001530811 0.001157181 0.003764386 -0.002265019 -0.003623161
268.400000 -0.001334844 0.001191565 0.001128738 -0.000816859 -0.001925340 0.000811273
268.500000 -0.001623002 0.000852319 0.001100294 -0.005398104 -0.001585662 0.005245706
268.600000 -0.001911160 0.000513072 0.001071851 -0.009979349 -0.001245984 0.009680140
268.700000 -0.002199318 0.000173826 0.001043408 -0.014560593 -0.000906306 0.014114574
268.800000 -0.002487476 -0.000165420 0.001014964 -0.019141838 -0.000566628 0.018549007
268.900000 -0.002775634 -0.000504666 0.000986521 -0.023723083 -0.000226950 0.022983441
269.000000 -0.003063792 -0.000843912 0.000958078 -0.028304327 0.000112728 0.027417874
269.100000 -0.002813507 -0.000910071 0.000921725 -0.027130523 0.000254771 0.026214440
269.200000 -0.002563223 -0.000976229 0.000885372 -0.025956718 0.000396813 0.025011007
269.300000 -0.002312938 -0.001042388 0.000849019 -0.024782913 0.000538855 0.023807573
269.400000 -0.002062653 -0.001108547 0.000812666 -0.023609108 0.000680897 0.022604139
269.500000 -0.001812368 -0.001174705 0.000776313 -0.022435303 0.000822940 0.021400705
269.600000 -0.001562084 -0.001240864 0.000739960 -0.021261498 0.000964982 0.020197272
269.700000 -0.001311799 -0.001307022 0.000703608 -0.020087693 0.001107024 0.018993838
269.800000 -0.001061514 -0.001373181 0.000667255 -0.018913888 0.001249067 0.017790404
269.900000 -0.000811230 -0.001439339 0.000630902 -0.017740083 0.001391109 0.016586970
270.000000 -0.000560945 -0.001505498 0.000594549 -0.016566278 0.001533151 0.015383537
270.100000 -0.000100667 -0.001041366 0.000591194 -0.010435347 0.001114148 0.009414040
270.200000 0.000359610 -0.000577233 0.000587840 -0.004304415 0.000695146 0.003444543
270.300000 0.000819888 -0.000113101 0.000584485 0.001826516 0.000276143 -0.002524953
270.400000 0.001280165 0.000351032 0.000581130 0.007957447 -0.000142860 -0.008494450
270.500000 0.001740443 0.000815164 0.000577776 0.014088379 -0.000561863 -0.014463947
270.600000 0.002200720 0.001279297 0.000574421 0.020219310 -0.000980865 -0.020433443
270.700000 0.002660998 0.001743429 0.000571066 0.026350242 -0.001399868 -0.026402940
270.800000 0.003121275 0.002207562 0.000567712 0.032481173 -0.001818871 -0.032372437
270.900000 0.003581553 0.002671694 0.000564357 0.038612105 -0.002237874 -0.038341933
271.000000 0.004041830 0.003135826 0.000561003 0.044743036 -0.002656876 -0.044311430
271.100000 0.003788612 0.002954809 0.000562423 0.042509734 -0.002451702 -0.041982744
271.200000 0.003535394 0.002773791 0.000563843 0.040276431 -0.002246527 -0.039654058
271.300000 0.003282176 0.002592773 0.000565263 0.038043129 -0.002041352 -0.037325372
271.400000 0.003028958 0.002411755 0.000566683 0.035809826 -0.001836177 -0.034996686
271.500000 0.002775740 0.002230737 0.000568103 0.033576524 -0.001631002 -0.032668000
271.600000 0.002522522 0.002049720 0.000569523 0.031343221 -0.001425827 -0.030339313
271.700000 0.002269304 0.001868702 0.000570943 0.029109919 -0.001220652 -0.028010627
271.800000 0.002016086 0.001687684 0.000572363 0.026876616 -0.001015477 -0.025681941
271.900000 0.001762868 0.001506666 0.000573783 0.024643314 -0.000810302 -0.023353255
272.000000 0.001509649 0.001325648 0.000575203 0.022410011 -0.000605128 -0.021024569
272.100000 0.001274055 0.000923623 0.000565002 0.018722916 -0.000185184 -0.017433534
272.200000 0.001038460 0.000521599 0.000554800 0.015035821 0.000234760 -0.013842499
272.300000 0.000802865 0.000119574 0.000544598 0.011348725 0.000654704 -0.010251464
272.400000 0.000567270 -0.000282451 0.000534397 0.007661630 0.001074647 -0.006660429
272.500000 0.000331675 -0.000684476 0.000524195 0.003974535 0.001494591 -0.003069394
272.600000 0.000096081 -0.001086500 0.000513993 0.000287440 0.001914535 0.000521642
272.700000 -0.000139514 -0.001488525 0.000503792 -0.003399656 0.002334479 0.004112677
272.800000 -0.000375109 -0.001890550 0.000493590 -0.007086751 0.002754422 0.007703712
272.900000 -0.000610704 -0.002292575 0.000483388 -0.010773846 0.003174366 0.011294747
273.000000 -0.000846298 -0.002694599 0.000473186 -0.014460942 0.003594310 0.014885782
273.100000 -0.000989618 -0.002668293 0.000492386 -0.015856572 0.003488251 0.016268497
273.200000 -0.001132938 -0.002641986 0.000511585 -0.017252202 0.003382191 0.017651211
273.300000 -0.001276257 -0.002615680 0.000530785 -0.018647833 0.003276132 0.019033926
273.400000 -0.001419577 -0.002589373 0.000549984 -0.020043463 0.003170072 0.020416641
273.500000 -0.001562896 -0.002563067 0.000569183 -0.021439093 0.003064013 0.021799355
273.600000 -0.001706216 -0.002536760 0.000588383 -0.022834724 0.002957954 0.023182070
273.700000 -0.001849535 -0.002510454 0.000607582 -0.024230354 0.002851894 0.024564785
273.800000 -0.001992855 -0.002484147 0.000626782 -0.025625985 0.002745835 0.025947499
273.900000 -0.002136174 -0.002457841 0.000645981 -0.027021615 0.002639776 0.027330214
274.000000 -0.002279494 -0.002431534 0.000665180 -0.028417245 0.002533716 0.028712929
274.100000 -0.002273596 -0.001939007 0.000657800 -0.027016782 0.001989239 0.027305219
274.200000 -0.002267698 -0.001446480 0.000650420 -0.025616318 0.001444761 0.025897510
274.300000 -0.002261799 -0.000953952 0.000643040 -0.024215854 0.000900284 0.024489800
274.400000 -0.002255901 -0.000461425 0.000635660 -0.022815390 0.000355806 0.023082091
274.500000 -0.002250003 0.000031102 0.000628280 -0.021414927 -0.000188671 0.021674381
274.600000 -0.002244104 0.000523630 0.000620899 -0.020014463 -0.000733148 0.020266672
274.700000 -0.002238206 0.001016157 0.000613519 -0.018613999 -0.001277626 0.018858963
274.800000 -0.002232308 0.001508685 0.000606139 -0.017213535 -0.001822103 0.017451253
274.900000 -0.002226410 0.002001212 0.000598759 -0.015813072 -0.002366581 0.016043544
275.000000 -0.002220512 0.002493739 0.000591379 -0.014412608 -0.002911058 0.014635834
275.100000 -0.001860307 0.002624658 0.000533602 -0.011094316 -0.002883165 0.011207715
275.200000 -0.001500102 0.002755577 0.000475825 -0.007776025 -0.002855273 0.007779596
275.300000 -0.001139897 0.002886496 0.000418048 -0.004457733 -0.002827380 0.004351476
275.400000 -0.000779693 0.003017415 0.000360271 -0.001139442 -0.002799487 0.000923357
275.500000 -0.000419488 0.003148334 0.000302494 0.002178850 -0.002771594 -0.002504762
275.600000 -0.000059283 0.003279253 0.000244717 0.005497142 -0.002743701 -0.005932882
275.700000 0.000300921 0.003410172 0.000186940 0.008815433 -0.002715809 -0.009361001
275.800000 0.000661126 0.003541091 0.000129163 0.012133725 -0.002687916 -0.012789120
275.900000 0.001021331 0.003672010 0.000071386 0.015452016 -0.002660023 -0.016217240
276.000000 0.001381535 0.003802929 0.000013608 0.018770308 -0.002632130 -0.019645359
276.100000 0.001255703 0.003549155 -0.000199722 0.017015599 -0.002371088 -0.017725998
276.200000 0.001129871 0.003295380 -0.000413053 0.015260890 -0.002110045 -0.015806638
276.300000 0.001004038 0.003041605 -0.000626383 0.013506180 -0.001849003 -0.013887277
276.400000 0.000878206 0.002787831 -0.000839714 0.011751471 -0.001587961 -0.011967917
276.500000 0.000752374 0.002534056 -0.001053045 0.009996762 -0.001326918 -0.010048556
276.600000 0.000626541 0.002280282 -0.001266375 0.008242052 -0.001065876 -0.008129196
276.700000 0.000500709 0.002026507 -0.001479706 0.006487343 -0.000804834 -0.006209836
276.800000 0.000374877 0.001772732 -0.001693037 0.004732634 -0.000543792 -0.004290475
276.900000 0.000249044 0.001518958 -0.001906367 0.002977925 -0.000282749 -0.002371115
277.000000 0.000123212 0.001265183 -0.002119698 0.001223215 -0.000021707 -0.000451754
277.100000 -0.000352332 0.000705822 -0.002072310 -0.002574107 0.000436522 0.003269834
277.200000 -0.000827875 0.000146461 -0.002024923 -0.006371430 0.000894750 0.006991422
277.300000 -0.001303419 -0.000412901 -0.001977535 -0.010168752 0.001352979 0.010713010
277.400000 -0.001778963 -0.000972262 -0.001930147 -0.013966075 0.001811207 0.014434599
277.500000 -0.002254507 -0.001531623 -0.001882760 -0.017763397 0.002269436 0.018156187
277.600000 -0.002730050 -0.002090985 -0.001835372 -0.021560720 0.002727664 0.021877775
277.700000 -0.003205594 -0.002650346 -0.001787985 -0.025358042 0.003185893 0.025599363
277.800000 -0.003681138 -0.003209707 -0.001740597 -0.029155365 0.003644121 0.029320951
277.900000 -0.004156682 -0.003769068 -0.001693210 -0.032952687 0.004102349 0.033042540
278.000000 -0.004632225 -0.004328430 -0.001645822 -0.036750010 0.004560578 0.036764128
278.100000 -0.004254066 -0.004371376 -0.001487001 -0.033148953 0.004708626 0.032988588
278.200000 -0.003875907 -0.004414322 -0.001328179 -0.029547895 0.004856674 0.029213047
278.300000 -0.003497749 -0.004457269 -0.001169358 -0.025946838 0.005004722 0.025437507
278.400000 -0.003119590 -0.004500215 -0.001010536 -0.022345781 0.005152770 0.021661967
278.500000 -0.002741431 -0.004543161 -0.000851715 -0.018744724 0.005300818 0.017886427
278.600000 -0.002363272 -0.004586107 -0.000692894 -0.015143667 0.005448866 0.014110887
278.700000 -0.001985113 -0.004629054 -0.000534072 -0.011542610 0.005596914 0.010335347
278.800000 -0.001606954 -0.004672000 -0.000375251 -0.007941552 0.005744962 0.006559806
278.900000 -0.001228795 -0.004714946 -0.000216429 -0.004340495 0.005893010 0.002784266
279.000000 -0.000850636 -0.004757892 -0.000057608 -0.000739438 0.006041058 -0.000991274
279.100000 -0.000517238 -0.003848275 -0.000221478 0.001512117 0.005038181 -0.003071876
279.200000 -0.000183841 -0.002938658 -0.000385349 0.003763672 0.004035304 -0.005152478
279.300000 0.000149557 -0.002029041 -0.000549219 0.006015227 0.003032426 -0.007233081
279.400000 0.000482955 -0.001119424 -0.000713089 0.008266782 0.002029549 -0.009313683
279.500000 0.000816353 -0.000209807 -0.000876959 0.010518337 0.001026672 -0.011394285
279.600000 0.001149751 0.000699811 -0.001040830 0.012769891 0.000023794 -0.013474887
279.700000 0.001483148 0.001609428 -0.001204700 0.015021446 -0.000979083 -0.015555489
279.800000 0.001816546 0.002519045 -0.001368570 0.017273001 -0.001981961 -0.017636092
279.900000 0.002149944 0.003428662 -0.001532441 0.019524556 -0.002984838 -0.019716694
280.000000 0.002483342 0.004338279 -0.001696311 0.021776111 -0.003987715 -0.021797296
280.100000 0.002484732 0.004606947 -0.001637760 0.021643185 -0.004369766 -0.021654599
280.200000 0.002486123 0.004875614 -0.001579209 0.021510259 -0.004751817 -0.021511903
280.300000 0.002487514 0.005144282 -0.001520658 0.021377332 -0.005133868 -0.021369206
280.400000 0.002488904 0.005412950 -0.001462106 0.021244406 -0.005515918 -0.021226509
280.500000 0.002490295 0.005681617 -0.001403555 0.021111480 -0.005897969 -0.021083813
280.600000 0.002491685 0.005950285 -0.001345004 0.020978554 -0.006280020 -0.020941116
280.700000 0.002493076 0.006218952 -0.001286453 0.020845627 -0.006662071 -0.020798419
280.800000 0.002494467 0.006487620 -0.001227902 0.020712701 -0.007044121 -0.020655723
280.900000 0.002495857 0.006756287 -0.001169351 0.020579775 -0.007426172 -0.020513026
281.000000 0.002497248 0.007024955 -0.001110799 0.020446849 -0.007808223 -0.020370329
281.100000 0.002869532 0.006495897 -0.000937901 0.023261801 -0.007088478 -0.023185410
281.200000 0.003241815 0.005966838 -0.000765003 0.026076754 -0.006368732 -0.026000491
281.300000 0.003614099 0.005437780 -0.000592105 0.028891706 -0.005648987 -0.028815572
281.400000 0.003986382 0.004908722 -0.000419207 0.031706659 -0.004929242 -0.031630653
281.500000 0.004358666 0.004379664 -0.000246309 0.034521611 -0.004209497 -0.034445734
281.600000 0.004730949 0.003850605 -0.000073411 0.037336564 -0.003489752 -0.037260815
281.700000 0.005103233 0.003321547 0.000099488 0.040151516 -0.002770007 -0.040075896
281.800000 0.005475516 0.002792489 0.000272386 0.042966469 -0.002050261 -0.042890977
281.900000 0.005847800 0.002263431 0.000445284 0.045781421 -0.001330516 -0.045706058
282.000000 0.006220084 0.001734372 0.000618182 0.048596374 -0.000610771 -0.048521140
282.100000 0.005722651 0.001303912 0.000499281 0.043522553 -0.000143359 -0.043409788
282.200000 0.005225218 0.000873452 0.000380380 0.038448732 0.000324053 -0.038298436
282.300000 0.004727785 0.000442991 0.000261480 0.033374911 0.000791465 -0.033187084
282.400000 0.004230353 0.000012531 0.000142579 0.028301091 0.001258877 -0.028075733
282.500000 0.003732920 -0.000417929 0.000023678 0.023227270 0.001726289 -0.022964381
282.600000 0.003235487 -0.000848390 -0.000095223 0.018153449 0.002193701 -0.017853029
282.700000 0.002738054 -0.001278850 -0.000214124 0.013079628 0.002661113 -0.012741678
282.800000 0.002240621 -0.001709310 -0.000333025 0.008005807 0.003128525 -0.007630326
282.900000 0.001743189 -0.002139770 -0.000451925 0.002931986 0.003595937 -0.002518974
283.000000 0.001245756 -0.002570231 -0.000570826 -0.002141834 0.004063349 0.002592377
283.100000 0.000501699 -0.002063372 -0.000887060 -0.006865748 0.003186659 0.007256546
283.200000 -0.000242358 -0.001556514 -0.001203294 -0.011589662 0.002309969 0.011920714
283.300000 -0.000986415 -0.001049655 -0.001519528 -0.016313576 0.001433279 0.016584883
283.400000 -0.001730472 -0.000542797 -0.001835762 -0.021037490 0.000556589 0.021249051
283.500000 -0.002474529 -0.000035938 -0.002151996 -0.025761403 -0.000320101 0.025913219
283.600000 -0.003218586 0.000470921 -0.002468230 -0.030485317 -0.001196791 0.030577388
283.700000 -0.003962644 0.000977779 -0.002784464 -0.035209231 -0.002073480 0.035241556
283.800000 -0.004706701 0.001484638 -0.003100697 -0.039933145 -0.002950170 0.039905725
283.900000 -0.005450758 0.001991496 -0.003416931 -0.044657059 -0.003826860 0.044569893
284.000000 -0.006194815 0.002498355 -0.003733165 -0.049380973 -0.004703550 0.049234062
284.100000 -0.005649988 0.002249865 -0.003591084 -0.045447684 -0.004312383 0.045361583
284.200000 -0.005105161 0.002001375 -0.003449003 -0.041514396 -0.003921216 0.041489105
284.300000 -0.004560335 0.001752885 -0.003306922 -0.037581107 -0.003530049 0.037616627
284.400000 -0.004015508 0.001504395 -0.003164841 -0.033647819 -0.003138882 0.033744149
284.500000 -0.003470681 0.001255905 -0.003022760 -0.029714530 -0.002747715 0.029871671
284.600000 -0.002925855 0.001007415 -0.002880679 -0.025781242 -0.002356548 0.025999193
284.700000 -0.002381028 0.000758926 -0.002738598 -0.021847953 -0.001965381 0.022126715
284.800000 -0.001836202 0.000510436 -0.002596517 -0.017914665 -0.001574213 0.018254237
284.900000 -0.001291375 0.000261946 -0.002454436 -0.013981377 -0.001183046 0.014381759
285.000000 -0.000746548 0.000013456 -0.002312355 -0.010048088 -0.000791879 0.010509281
285.100000 -0.000244973 -0.000513124 -0.002002826 -0.007066257 0.000055722 0.007516675
285.200000 0.000256602 -0.001039704 -0.001693298 -0.004084426 0.000903323 0.004524070
285.300000 0.000758178 -0.001566285 -0.001383770 -0.001102595 0.001750924 0.001531464
285.400000 0.001259753 -0.002092865 -0.001074241 0.001879237 0.002598524 -0.001461141
285.500000 0.001761328 -0.002619445 -0.000764713 0.004861068 0.003446125 -0.004453746
285.600000 0.002262904 -0.003146025 -0.000455184 0.007842899 0.004293726 -0.007446352
285.700000 0.002764479 -0.003672606 -0.000145656 0.010824730 0.005141327 -0.010438957
285.800000 0.003266054 -0.004199186 0.000163872 0.013806561 0.005988928 -0.013431563
285.900000 0.003767630 -0.004725766 0.000473401 0.016788393 0.006836529 -0.016424168
286.000000 0.004269205 -0.005252346 0.000782929 0.019770224 0.007684130 -0.019416773
286.100000 0.003928293 -0.004208367 0.000665383 0.019676682 0.006256974 -0.019546623
286.200000 0.003587382 -0.003164388 0.000547838 0.019583139 0.004829817 -0.019676472
286.300000 0.003246470 -0.002120409 0.000430292 0.019489597 0.003402661 -0.019806322
286.400000 0.002905558 -0.001076430 0.000312747 0.019396055 0.001975504 -0.019936171
286.500000 0.002564646 -0.000032451 0.000195201 0.019302512 0.000548348 -0.020066021
286.600000 0.002223734 0.001011528 0.000077656 0.019208970 -0.000878809 -0.020195870
286.700000 0.001882823 0.002055507 -0.000039890 0.019115428 -0.002305965 -0.020325719
286.800000 0.001541911 0.003099486 -0.000157435 0.019021886 -0.003733122 -0.020455569
286.900000 0.001200999 0.004143465 -0.000274981 0.018928343 -0.005160278 -0.020585418
287.000000 0.000860087 0.005187444 -0.000392526 0.018834801 -0.006587435 -0.020715268
287.100000 0.000577673 0.004977346 -0.000477991 0.015563087 -0.006381933 -0.017273916
287.200000 0.000295258 0.004767248 -0.000563456 0.012291373 -0.006176432 -0.013832564
287.300000 0.000012844 0.004557150 -0.000648921 0.009019658 -0.005970930 -0.010391212
287.400000 -0.000269571 0.004347052 -0.000734386 0.005747944 -0.005765429 -0.006949860
287.500000 -0.000551986 0.004136953 -0.000819850 0.002476230 -0.005559927 -0.003508508
287.600000 -0.000834400 0.003926855 -0.000905315 -0.000795484 -0.005354426 -0.000067156
287.700000 -0.001116815 0.003716757 -0.000990780 -0.004067198 -0.005148924 0.003374196
287.800000 -0.001399230 0.003506659 -0.001076245 -0.007338913 -0.004943423 0.006815548
287.900000 -0.001681644 0.003296561 -0.001161710 -0.010610627 -0.004737922 0.010256900
288.000000 -0.001964059 0.003086462 -0.001247175 -0.013882341 -0.004532420 0.013698251
288.100000 -0.001666977 0.002300842 -0.001240042 -0.013399026 -0.003486608 0.013480916
288.200000 -0.001369894 0.001515221 -0.001232908 -0.012915711 -0.002440795 0.013263580
288.300000 -0.001072812 0.000729601 -0.001225775 -0.012432396 -0.001394983 0.013046244
288.400000 -0.000775730 -0.000056020 -0.001218642 -0.011949081 -0.000349170 0.012828908
288.500000 -0.000478648 -0.000841640 -0.001211509 -0.011465766 0.000696642 0.012611572
288.600000 -0.000181565 -0.001627261 -0.001204376 -0.010982451 0.001742455 0.012394236
288.700000 0.000115517 -0.002412881 -0.001197243 -0.010499136 0.002788268 0.012176900
288.800000 0.000412599 -0.003198502 -0.001190110 -0.010015821 0.003834080 0.011959564
288.900000 0.000709681 -0.003984122 -0.001182977 -0.009532505 0.004879893 0.011742228
289.000000 0.001006764 -0.004769743 -0.001175843 -0.009049190 0.005925705 0.011524893
289.100000 0.001175794 -0.004986032 -0.000949824 -0.007712715 0.006150893 0.009900904
289.200000 0.001344825 -0.005202320 -0.000723805 -0.006376240 0.006376082 0.008276916
289.300000 0.001513855 -0.005418609 -0.000497785 -0.005039765 0.006601270 0.006652928
289.400000 0.001682886 -0.005634898 -0.000271766 -0.003703290 0.006826458 0.005028939
289.500000 0.001851916 -0.005851187 -0.000045747 -0.002366815 0.007051646 0.003404951
289.600000 0.002020947 -0.006067476 0.000180273 -0.001030340 0.007276835 0.001780963
289.700000 0.002189977 -0.006283765 0.000406292 0.000306135 0.007502023 0.000156975
289.800000 0.002359008 -0.006500053 0.000632311 0.001642610 0.007727211 -0.001467014
289.900000 0.002528038 -0.006716342 0.000858331 0.002979085 0.007952399 -0.003091002
290.000000 0.002697069 -0.006932631 0.001084350 0.004315560 0.008177588 -0.004714990
290.100000 0.002231372 -0.006945497 0.001012866 0.000801818 0.008126134 -0.001276494
290.200000 0.001765674 -0.006958364 0.000941382 -0.002711925 0.008074681 0.002162001
290.300000 0.001299977 -0.006971230 0.000869899 -0.006225667 0.008023228 0.005600497
290.400000 0.000834279 -0.006984097 0.000798415 -0.009739410 0.007971775 0.009038993
290.500000 0.000368582 -0.006996963 0.000726931 -0.013253152 0.007920322 0.012477488
290.600000 -0.000097115 -0.007009829 0.000655447 -0.016766895 0.007868869 0.015915984
290.700000 -0.000562813 -0.007022696 0.000583963 -0.020280637 0.007817416 0.019354480
290.800000 -0.001028510 -0.007035562 0.000512479 -0.023794380 0.007765963 0.022792976
290.900000 -0.001494208 -0.007048429 0.000440996 -0.027308122 0.007714510 0.026231471
291.000000 -0.001959905 -0.007061295 0.000369512 -0.030821865 0.007663057 0.029669967
291.100000 -0.001700567 -0.005709848 0.000054422 -0.025860555 0.006053869 0.024889847
291.200000 -0.001441230 -0.004358402 -0.000260667 -0.020899245 0.004444681 0.020109728
291.300000 -0.001181892 -0.003006955 -0.000575757 -0.015937936 0.002835493 0.015329608
291.400000 -0.000922555 -0.001655509 -0.000890846 -0.010976626 0.001226305 0.010549488
291.500000 -0.000663217 -0.000304062 -0.001205936 -0.006015316 -0.000382883 0.005769369
291.600000 -0.000403879 0.001047385 -0.001521026 -0.001054006 -0.001992071 0.000989249
291.700000 -0.000144542 0.002398831 -0.001836115 0.003907303 -0.003601259 -0.003790871
291.800000 0.000114796 0.003750278 -0.002151205 0.008868613 -0.005210446 -0.008570990
291.900000 0.000374133 0.005101725 -0.002466294 0.013829923 -0.006819634 -0.013351110
292.000000 0.000633471 0.006453171 -0.002781384 0.018791233 -0.008428822 -0.018131229
292.100000 0.000829526 0.006698781 -0.002619497 0.020607174 -0.008706970 -0.019931304
292.200000 0.001025581 0.006944391 -0.002457610 0.022423116 -0.008985118 -0.021731379
292.300000 0.001221636 0.007190001 -0.002295723 0.024239057 -0.009263266 -0.023531454
292.400000 0.001417691 0.007435611 -0.002133836 0.026054999 -0.009541414 -0.025331529
292.500000 0.001613746 0.007681221 -0.001971949 0.027870940 -0.009819562 -0.027131604
292.600000 0.001809801 0.007926831 -0.001810062 0.029686882 -0.010097711 -0.028931679
292.700000 0.002005855 0.008172440 -0.001648175 0.031502823 -0.010375859 -0.030731754
292.800000 0.002201910 0.008418050 -0.001486288 0.033318765 -0.010654007 -0.032531828
292.900000 0.002397965 0.008663660 -0.001324401 0.035134706 -0.010932155 -0.034331903
293.000000 0.002594020 0.008909270 -0.001162514 0.036950648 -0.011210303 -0.036131978
293.100000 0.001887422 0.007735129 -0.000996843 0.028831726 -0.009877325 -0.028085926
293.200000 0.001180823 0.006560987 -0.000831172 0.020712805 -0.008544347 -0.020039875
293.300000 0.000474225 0.005386846 -0.000665501 0.012593884 -0.007211369 -0.011993823
293.400000 -0.000232374 0.004212704 -0.000499830 0.004474963 -0.005878391 -0.003947771
293.500000 -0.000938972 0.003038563 -0.000334159 -0.003643958 -0.004545412 0.004098281
293.600000 -0.001645571 0.001864421 -0.000168487 -0.011762879 -0.003212434 0.012144332
293.700000 -0.002352170 0.000690280 -0.000002816 -0.019881800 -0.001879456 0.020190384
293.800000 -0.003058768 -0.000483862 0.000162855 -0.028000722 -0.000546478 0.028236436
293.900000 -0.003765367 -0.001658003 0.000328526 -0.036119643 0.000786500 0.036282488
294.000000 -0.004471965 -0.002832144 0.000494197 -0.044238564 0.002119478 0.044328539
294.100000 -0.004591736 -0.003022164 0.000423609 -0.044695068 0.002310537 0.044731954
294.200000 -0.004711507 -0.003212184 0.000353022 -0.045151573 0.002501597 0.045135368
294.300000 -0.004831277 -0.003402203 0.000282434 -0.045608077 0.002692656 0.045538783
294.400000 -0.004951048 -0.003592223 0.000211847 -0.046064582 0.002883716 0.045942197
294.500000 -0.005070819 -0.003782242 0.000141259 -0.046521086 0.003074775 0.046345611
294.600000 -0.005190589 -0.003972262 0.000070672 -0.046977591 0.003265835 0.046749026
294.700000 -0.005310360 -0.004162282 0.000000084 -0.047434095 0.003456894 0.047152440
294.800000 -0.005430131 -0.004352301 -0.000070503 -0.047890600 0.003647954 0.047555855
294.900000 -0.005549902 -0.004542321 -0.000141091 -0.048347104 0.003839013 0.047959269
295.000000 -0.005669672 -0.004732340 -0.000211679 -0.048803608 0.004030073 0.048362683
295.100000 -0.004899727 -0.004277572 -0.000190172 -0.041585122 0.003667472 0.041192466
295.200000 -0.004129783 -0.003822803 -0.000168665 -0.034366636 0.003304871 0.034022249
295.300000 -0.003359838 -0.003368035 -0.000147158 -0.027148150 0.002942270 0.026852032
295.400000 -0.002589893 -0.002913266 -0.000125651 -0.019929664 0.002579669 0.019681815
295.500000 -0.001819948 -0.002458498 -0.000104144 -0.012711177 0.002217069 0.012511598
295.600000 -0.001050003 -0.002003729 -0.000082637 -0.005492691 0.001854468 0.005341381
295.700000 -0.000280058 -0.001548961 -0.000061131 0.001725795 0.001491867 -0.001828837
295.800000 0.000489887 -0.001094192 -0.000039624 0.008944281 0.001129266 -0.008999054
295.900000 0.001259832 -0.000639424 -0.000018117 0.016162768 0.000766665 -0.016169271
296.000000 0.002029776 -0.000184655 0.000003390 0.023381254 0.000404065 -0.023339488
296.100000 0.002252075 0.000455762 -0.000041786 0.025321361 -0.000313938 -0.025266619
296.200000 0.002474373 0.001096180 -0.000086962 0.027261468 -0.001031941 -0.027193749
296.300000 0.002696671 0.001736598 -0.000132138 0.029201575 -0.001749944 -0.029120880
296.400000 0.002918969 0.002377015 -0.000177313 0.031141681 -0.002467947 -0.031048010
296.500000 0.003141267 0.003017433 -0.000222489 0.033081788 -0.003185950 -0.032975141
296.600000 0.003363565 0.003657850 -0.000267665 0.035021895 -0.003903952 -0.034902271
296.700000 0.003585864 0.004298268 -0.000312841 0.036962002 -0.004621955 -0.036829402
296.800000 0.003808162 0.004938686 -0.000358017 0.038902109 -0.005339958 -0.038756532
296.900000 0.004030460 0.005579103 -0.000403193 0.040842216 -0.006057961 -0.040683663
297.000000 0.004252758 0.006219521 -0.000448369 0.042782323 -0.006775964 -0.042610793
297.100000 0.003735327 0.006593738 -0.000599829 0.039561657 -0.007394545 -0.039430510
297.200000 0.003217895 0.006967955 -0.000751288 0.036340992 -0.008013127 -0.036250226
297.300000 0.002700464 0.007342173 -0.000902748 0.033120326 -0.008631708 -0.033069943
297.400000 0.002183033 0.007716390 -0.001054208 0.029899661 -0.009250290 -0.029889659
297.500000 0.001665602 0.008090608 -0.001205668 0.026678996 -0.009868872 -0.026709376
297.600000 0.001148170 0.008464825 -0.001357128 0.023458330 -0.010487453 -0.023529092
297.700000 0.000630739 0.008839042 -0.001508588 0.020237665 -0.011106035 -0.020348809
297.800000 0.000113308 0.009213260 -0.001660048 0.017016999 -0.011724616 -0.017168525
297.900000 -0.000404123 0.009587477 -0.001811507 0.013796334 -0.012343198 -0.013988242
298.000000 -0.000921555 0.009961694 -0.001962967 0.010575668 -0.012961780 -0.010807959
298.100000 -0.000789822 0.008829710 -0.001572422 0.010101895 -0.011483998 -0.010428294
298.200000 -0.000658089 0.007697725 -0.001181877 0.009628122 -0.010006217 -0.010048630
298.300000 -0.000526356 0.006565741 -0.000791331 0.009154348 -0.008528436 -0.009668965
298.400000 -0.000394623 0.005433756 -0.000400786 0.008680575 -0.007050655 -0.009289301
298.500000 -0.000262890 0.004301772 -0.000010241 0.008206802 -0.005572874 -0.008909637
298.600000 -0.000131157 0.003169787 0.000380305 0.007733028 -0.004095093 -0.008529972
298.700000 0.000000576 0.002037802 0.000770850 0.007259255 -0.002617312 -0.008150308
298.800000 0.000132309 0.000905818 0.001161395 0.006785482 -0.001139531 -0.007770644
298.900000 0.000264042 -0.000226167 0.001551941 0.006311708 0.000338251 -0.007390979
299.000000 0.000395775 -0.001358151 0.001942486 0.005837935 0.001816032 -0.007011315
299.100000 0.000635937 -0.002057373 0.002139096 0.006052211 0.002815571 -0.007149204
299.200000 0.000876099 -0.002756594 0.002335705 0.006266488 0.003815110 -0.007287093
299.300000 0.001116261 -0.003455815 0.002532315 0.006480764 0.004814649 -0.007424983
299.400000 0.001356423 -0.004155037 0.002728924 0.006695040 0.005814188 -0.007562872
299.500000 0.001596585 -0.004854258 0.002925534 0.006909317 0.006813728 -0.007700761
299.600000 0.001836747 -0.005553479 0.003122144 0.007123593 0.007813267 -0.007838650
299.700000 0.002076909 -0.006252701 0.003318753 0.007337869 0.008812806 -0.007976539
299.800000 0.002317071 -0.006951922 0.003515363 0.007552146 0.009812345 -0.008114429
299.900000 0.002557233 -0.007651143 0.003711973 0.007766422 0.010811884 -0.008252318
300.000000 0.002797395 -0.008350365 0.003908582 0.007980698 0.011811424 -0.008390207
300.100000 0.002438637 -0.007797570 0.003543434 0.006250180 0.010976208 -0.006539693
300.200000 0.002079879 -0.007244776 0.003178285 0.004519661 0.010140992 -0.004689178
300.300000 0.001721120 -0.006691982 0.002813137 0.002789142 0.009305777 -0.002838664
300.400000 0.001362362 -0.006139187 0.002447988 0.001058624 0.008470561 -0.000988150
300.500000 0.001003604 -0.005586393 0.002082840 -0.000671895 0.007635345 0.000862364
300.600000 0.000644846 -0.005033599 0.001717691 -0.002402414 0.006800129 0.002712879
300.700000 0.000286088 -0.004480804 0.001352542 -0.004132932 0.005964914 0.004563393
300.800000 -0.000072670 -0.003928010 0.000987394 -0.005863451 0.005129698 0.006413907
300.900000 -0.000431428 -0.003375216 0.000622245 -0.007593970 0.004294482 0.008264422
301.000000 -0.000790186 -0.002822421 0.000257097 -0.009324489 0.003459267 0.010114936
301.100000 -0.001054529 -0.002823926 0.000208354 -0.010865662 0.003323577 0.011518401
301.200000 -0.001318871 -0.002825430 0.000159610 -0.012406835 0.003187888 0.012921866
301.300000 -0.001583213 -0.002826934 0.000110867 -0.013948009 0.003052198 0.014325330
301.400000 -0.001847555 -0.002828439 0.000062124 -0.015489182 0.002916509 0.015728795
301.500000 -0.002111897 -0.002829943 0.000013381 -0.017030355 0.002780819 0.017132260
301.600000 -0.002376239 -0.002831447 -0.000035362 -0.018571529 0.002645130 0.018535725
301.700000 -0.002640581 -0.002832951 -0.000084105 -0.020112702 0.002509441 0.019939190
301.800000 -0.002904923 -0.002834456 -0.000132849 -0.021653875 0.002373751 0.021342654
301.900000 -0.003169265 -0.002835960 -0.000181592 -0.023195049 0.002238062 0.022746119
302.000000 -0.003433607 -0.002837464 -0.000230335 -0.024736222 0.002102372 0.024149584
302.100000 -0.003012152 -0.002379361 -0.000180219 -0.021422539 0.001807457 0.020937828
302.200000 -0.002590696 -0.001921257 -0.000130104 -0.018108855 0.001512541 0.017726072
302.300000 -0.002169241 -0.001463154 -0.000079988 -0.014795172 0.001217625 0.014514316
302.400000 -0.001747785 -0.001005051 -0.000029872 -0.011481488 0.000922710 0.011302560
302.500000 -0.001326330 -0.000546947 0.000020243 -0.008167805 0.000627794 0.008090804
302.600000 -0.000904874 -0.000088844 0.000070359 -0.004854121 0.000332879 0.004879048
302.700000 -0.000483419 0.000369260 0.000120475 -0.001540438 0.000037963 0.001667292
302.800000 -0.000061963 0.000827363 0.000170590 0.001773246 -0.000256952 -0.001544464
302.900000 0.000359492 0.001285467 0.000220706 0.005086929 -0.000551868 -0.004756220
303.000000 0.000780948 0.001743570 0.000270822 0.008400613 -0.000846784 -0.007967975
303.100000 0.000803074 0.001918118 0.000246559 0.008917669 -0.001067206 -0.008343397
303.200000 0.000825200 0.002092667 0.000222296 0.009434725 -0.001287628 -0.008718819
303.300000 0.000847326 0.002267215 0.000198033 0.009951781 -0.001508050 -0.009094241
303.400000 0.000869452 0.002441764 0.000173770 0.010468837 -0.001728472 -0.009469663
303.500000 0.000891578 0.002616312 0.000149507 0.010985893 -0.001948894 -0.009845085
303.600000 0.000913703 0.002790861 0.000125245 0.011502949 -0.002169317 -0.010220507
303.700000 0.000935829 0.002965409 0.000100982 0.012020005 -0.002389739 -0.010595929
303.800000 0.000957955 0.003139958 0.000076719 0.012537061 -0.002610161 -0.010971351
303.900000 0.000980081 0.003314506 0.000052456 0.013054117 -0.002830583 -0.011346773
304.000000 0.001002207 0.003489055 0.000028193 0.013571173 -0.003051005 -0.011722195
304.100000 0.000515631 0.002989890 0.000055464 0.009471257 -0.002697636 -0.007803441
304.200000 0.000029056 0.002490725 0.000082734 0.005371341 -0.002344267 -0.003884686
304.300000 -0.000457520 0.001991560 0.000110005 0.001271425 -0.001990898 0.000034069
304.400000 -0.000944096 0.001492395 0.000137276 -0.002828490 -0.001637529 0.003952824
304.500000 -0.001430672 0.000993229 0.000164546 -0.006928406 -0.001284159 0.007871579
304.600000 -0.001917248 0.000494064 0.000191817 -0.011028322 -0.000930790 0.011790333
304.700000 -0.002403823 -0.000005101 0.000219087 -0.015128238 -0.000577421 0.015709088
304.800000 -0.002890399 -0.000504266 0.000246358 -0.019228153 -0.000224052 0.019627843
304.900000 -0.003376975 -0.001003431 0.000273628 -0.023328069 0.000129317 0.023546598
305.000000 -0.003863551 -0.001502596 0.000300899 -0.027427985 0.000482686 0.027465353
305.100000 -0.003408565 -0.001370577 0.000372807 -0.024586615 0.000500432 0.024461443
305.200000 -0.002953580 -0.001238558 0.000444715 -0.021745245 0.000518177 0.021457533
305.300000 -0.002498595 -0.001106539 0.000516622 -0.018903875 0.000535923 0.018453623
305.400000 -0.002043609 -0.000974520 0.000588530 -0.016062506 0.000553668 0.015449713
305.500000 -0.001588624 -0.000842500 0.000660438 -0.013221136 0.000571414 0.012445803
305.600000 -0.001133638 -0.000710481 0.000732346 -0.010379766 0.000589159 0.009441893
305.700000 -0.000678653 -0.000578462 0.000804254 -0.007538396 0.000606904 0.006437983
305.800000 -0.000223668 -0.000446443 0.000876161 -0.004697026 0.000624650 0.003434073
305.900000 0.000231318 -0.000314424 0.000948069 -0.001855656 0.000642395 0.000430163
306.000000 0.000686303 -0.000182405 0.001019977 0.000985713 0.000660141 -0.002573747
306.100000 0.000918769 -0.000435873 0.000959206 0.002623663 0.000973981 -0.004228297
306.200000 0.001151234 -0.000689340 0.000898434 0.004261613 0.001287822 -0.005882847
306.300000 0.001383700 -0.000942807 0.000837663 0.005899562 0.001601663 -0.007537397
306.400000 0.001616165 -0.001196274 0.000776891 0.007537512 0.001915504 -0.009191947
306.500000 0.001848631 -0.001449742 0.000716120 0.009175462 0.002229345 -0.010846497
306.600000 0.002081096 -0.001703209 0.000655349 0.010813411 0.002543185 -0.012501047
306.700000 0.002313562 -0.001956676 0.000594577 0.012451361 0.002857026 -0.014155597
306.800000 0.002546027 -0.002210143 0.000533806 0.014089310 0.003170867 -0.015810147
306.900000 0.002778493 -0.002463611 0.000473034 0.015727260 0.003484708 -0.017464697
307.000000 0.003010958 -0.002717078 0.000412263 0.017365210 0.003798548 -0.019119247
307.100000 0.002175315 -0.002987542 0.000086017 0.011308941 0.003907982 -0.012719981
307.200000 0.001339671 -0.003258006 -0.000240229 0.005252672 0.004017415 -0.006320715
307.300000 0.000504027 -0.003528471 -0.000566475 -0.000803597 0.004126848 0.000078552
307.400000 -0.000331617 -0.003798935 -0.000892721 -0.006859866 0.004236281 0.006477818
307.500000 -0.001167260 -0.004069399 -0.001218967 -0.012916135 0.004345715 0.012877084
307.600000 -0.002002904 -0.004339863 -0.001545213 -0.018972404 0.004455148 0.019276350
307.700000 -0.002838548 -0.004610328 -0.001871459 -0.025028672 0.004564581 0.025675616
307.800000 -0.003674192 -0.004880792 -0.002197705 -0.031084941 0.004674014 0.032074882
307.900000 -0.004509835 -0.005151256 -0.002523951 -0.037141210 0.004783448 0.038474148
308.000000 -0.005345479 -0.005421720 -0.002850197 -0.043197479 0.004892881 0.044873415
308.100000 -0.005348891 -0.004879405 -0.002760092 -0.042992003 0.004353840 0.044676780
308.200000 -0.005352302 -0.004337090 -0.002669986 -0.042786527 0.003814798 0.044480145
308.300000 -0.005355714 -0.003794775 -0.002579880 -0.042581051 0.003275757 0.044283510
308.400000 -0.005359125 -0.003252460 -0.002489774 -0.042375575 0.002736716 0.044086875
308.500000 -0.005362537 -0.002710145 -0.002399668 -0.042170099 0.002197675 0.043890240
308.600000 -0.005365948 -0.002167830 -0.002309562 -0.041964623 0.001658633 0.043693605
308.700000 -0.005369360 -0.001625515 -0.002219457 -0.041759147 0.001119592 0.043496970
308.800000 -0.005372772 -0.001083199 -0.002129351 -0.041553671 0.000580551 0.043300336
308.900000 -0.005376183 -0.000540884 -0.002039245 -0.041348195 0.000041510 0.043103701
309.000000 -0.005379595 0.000001431 -0.001949139 -0.041142719 -0.000497532 0.042907066
309.100000 -0.004520625 0.000546434 -0.001493135 -0.034213046 -0.000946464 0.035609953
309.200000 -0.003661655 0.001091437 -0.001037131 -0.027283373 -0.001395396 0.028312840
309.300000 -0.002802685 0.001636440 -0.000581127 -0.020353701 -0.001844328 0.021015727
309.400000 -0.001943715 0.002181444 -0.000125124 -0.013424028 -0.002293260 0.013718614
309.500000 -0.001084745 0.002726447 0.000330880 -0.006494355 -0.002742192 0.006421501
309.600000 -0.000225775 0.003271450 0.000786884 0.000435317 -0.003191124 -0.000875612
309.700000 0.000633195 0.003816453 0.001242888 0.007364990 -0.003640056 -0.008172725
309.800000 0.001492165 0.004361457 0.001698892 0.014294663 -0.004088988 -0.015469838
309.900000 0.002351135 0.004906460 0.002154896 0.021224336 -0.004537920 -0.022766951
310.000000 0.003210105 0.005451463 0.002610900 0.028154008 -0.004986852 -0.030064064
310.100000 0.003247590 0.005365134 0.002524135 0.028320365 -0.004935959 -0.030100531
310.200000 0.003285074 0.005278805 0.002437371 0.028486723 -0.004885065 -0.030136997
310.300000 0.003322559 0.005192476 0.002350607 0.028653080 -0.004834172 -0.030173464
310.400000 0.003360044 0.005106147 0.002263843 0.028819437 -0.004783278 -0.030209931
310.500000 0.003397528 0.005019817 0.002177079 0.028985794 -0.004732384 -0.030246397
310.600000 0.003435013 0.004933488 0.002090314 0.029152152 -0.004681491 -0.030282864
310.700000 0.003472497 0.004847159 0.002003550 0.029318509 -0.004630597 -0.030319330
310.800000 0.003509982 0.004760830 0.001916786 0.029484866 -0.004579703 -0.030355797
310.900000 0.003547467 0.004674501 0.001830022 0.029651223 -0.004528810 -0.030392264
311.000000 0.003584951 0.004588172 0.001743257 0.029817581 -0.004477916 -0.030428730
311.100000 0.003323305 0.004145928 0.001541776 0.027608494 -0.004084274 -0.028149904
311.200000 0.003061658 0.003703684 0.001340294 0.025399407 -0.003690631 -0.025871078
311.300000 0.002800012 0.003261439 0.001138812 0.023190320 -0.003296989 -0.023592251
311.400000 0.002538365 0.002819195 0.000937331 0.020981233 -0.002903347 -0.021313425
311.500000 0.002276719 0.002376951 0.000735849 0.018772147 -0.002509704 -0.019034599
311.600000 0.002015072 0.001934707 0.000534368 0.016563060 -0.002116062 -0.016755772
311.700000 0.001753426 0.001492463 0.000332886 0.014353973 -0.001722420 -0.014476946
311.800000 0.001491779 0.001050219 0.000131404 0.012144886 -0.001328777 -0.012198120
311.900000 0.001230133 0.000607975 -0.000070077 0.009935799 -0.000935135 -0.009919293
312.000000 0.000968486 0.000165731 -0.000271559 0.007726713 -0.000541492 -0.007640467
312.100000 0.000908074 -0.000118513 -0.000187255 0.007603966 -0.000222711 -0.007661277
312.200000 0.000847663 -0.000402758 -0.000102952 0.007481220 0.000096070 -0.007682087
312.300000 0.000787251 -0.000687002 -0.000018649 0.007358474 0.000414852 -0.007702897
312.400000 0.000726840 -0.000971246 0.000065654 0.007235728 0.000733633 -0.007723707
312.500000 0.000666428 -0.001255490 0.000149958 0.007112981 0.001052415 -0.007744518
312.600000 0.000606017 -0.001539734 0.000234261 0.006990235 0.001371196 -0.007765328
312.700000 0.000545605 -0.001823978 0.000318564 0.006867489 0.001689977 -0.007786138
312.800000 0.000485193 -0.002108222 0.000402868 0.006744743 0.002008759 -0.007806948
312.900000 0.000424782 -0.002392467 0.000487171 0.006621997 0.002327540 -0.007827758
313.000000 0.000364370 -0.002676711 0.000571474 0.006499250 0.002646322 -0.007848568
313.100000 0.000270258 -0.002759049 0.000606379 0.005843097 0.002757902 -0.007201042
313.200000 0.000176146 -0.002841386 0.000641283 0.005186943 0.002869482 -0.006553516
313.300000 0.000082034 -0.002923724 0.000676188 0.004530790 0.002981063 -0.005905989
313.400000 -0.000012078 -0.003006062 0.000711092 0.003874636 0.003092643 -0.005258463
313.500000 -0.000106190 -0.003088400 0.000745997 0.003218482 0.003204223 -0.004610937
313.600000 -0.000200302 -0.003170738 0.000780901 0.002562329 0.003315804 -0.003963410
313.700000 -0.000294414 -0.003253076 0.000815806 0.001906175 0.003427384 -0.003315884
313.800000 -0.000388526 -0.003335414 0.000850710 0.001250022 0.003538964 -0.002668358
313.900000 -0.000482638 -0.003417752 0.000885615 0.000593868 0.003650545 -0.002020832
314.000000 -0.000576750 -0.003500089 0.000920519 -0.000062286 0.003762125 -0.001373305
