200.000000 0.000000000 0.000000000 0.000000000 0.000000000 0.000000000 0.000000000 1.000000000
201.000000 -0.000417712 0.009733515 0.001888101 0.002038986 0.000312969 -0.000613742 0.999997675
202.000000 0.001180875 0.016262030 0.004710342 0.002928642 0.000538982 -0.000546979 0.999995410
203.000000 -0.000589093 0.028385457 0.008322400 0.006015404 0.001896179 -0.000637773 0.999979913
204.000000 0.004122201 0.035155457 0.013241072 0.007189158 -0.000054922 -0.000798955 0.999973834
205.000000 0.002796648 0.044201288 0.016271619 0.009382189 0.000722922 -0.001065348 0.999955177
206.000000 0.006067325 0.057419505 0.020502388 0.013930984 -0.000410042 -0.001008725 0.999902368
207.000000 0.002672646 0.063532814 0.021656081 0.014964527 0.001524156 -0.000846490 0.999886513
208.000000 0.005372177 0.061570089 0.021199036 0.012327340 0.000578012 -0.001573629 0.999922633
209.000000 0.005100166 0.067483224 0.024740273 0.013925471 0.000396698 -0.001300937 0.999902129
210.000000 0.007887775 0.078545704 0.027889390 0.017857982 -0.000590492 -0.001749947 0.999838829
211.000000 0.009234964 0.087420024 0.029608853 0.020511709 -0.000880396 -0.001587742 0.999787986
212.000000 0.007408811 0.094324030 0.030633818 0.022545883 0.000271949 -0.001555242 0.999744534
213.000000 0.004975837 0.106192239 0.033982504 0.026566880 0.001089511 -0.001846222 0.999644756
214.000000 -0.009272865 0.100023970 0.046166129 0.022658098 0.005796724 -0.000983758 0.999725997
215.000000 -0.012595270 0.106024906 0.050442629 0.023591381 0.006957002 -0.001273845 0.999696672
216.000000 -0.012029162 0.113040961 0.053349353 0.024840059 0.005992678 -0.000643787 0.999673247
217.000000 -0.014605321 0.119279675 0.057565823 0.025753280 0.006470686 -0.001849068 0.999645650
218.000000 -0.019818956 0.129795298 0.061672002 0.028894247 0.007695169 -0.001475480 0.999551773
219.000000 -0.021153303 0.137441918 0.066118076 0.030250713 0.007198397 -0.002829637 0.999512434
220.000000 -0.023541430 0.147058398 0.070943110 0.032346237 0.007618221 -0.002359987 0.999444902
221.000000 -0.031567555 0.148726016 0.072578825 0.031156640 0.010178140 -0.003634637 0.999456108
222.000000 -0.034042269 0.155993566 0.075852014 0.032425102 0.010719004 -0.005034622 0.999404013
223.000000 -0.036069952 0.174080580 0.078949310 0.038819179 0.011438133 -0.005983701 0.999162853
224.000000 -0.036186337 0.182101414 0.084967665 0.040045541 0.011080063 -0.004915291 0.999124348
225.000000 -0.063434631 0.197746098 0.084306188 0.045361105 0.023393380 -0.004708189 0.998685598
226.000000 -0.067274183 0.210335404 0.089255810 0.048591934 0.025764378 -0.005718285 0.998470008
227.000000 -0.068276405 0.228087708 0.093891829 0.054892331 0.025716273 -0.006403343 0.998140514
228.000000 -0.068899825 0.240206301 0.101375885 0.058929589 0.025042415 -0.006831627 0.997924626
229.000000 -0.072106816 0.248483822 0.107077964 0.060254417 0.026151273 -0.006650867 0.997818232
230.000000 -0.076372370 0.271725953 0.114912041 0.069367968 0.028135343 -0.007935041 0.997162759
231.000000 -0.077151068 0.278505653 0.119852036 0.071067907 0.027323499 -0.008656055 0.997059584
232.000000 -0.080308832 0.290059954 0.126362145 0.073575124 0.030455172 -0.010075178 0.996773660
233.000000 -0.082188338 0.299787581 0.131768003 0.076312371 0.029777009 -0.010134085 0.996587694
234.000000 -0.077680074 0.281804770 0.135599494 0.063637190 0.028308544 -0.011438698 0.997505963
235.000000 -0.075589553 0.288543344 0.141575441 0.064273961 0.026302688 -0.012019419 0.997513175
236.000000 -0.077841304 0.293867975 0.143929243 0.064064331 0.026571441 -0.011467218 0.997526050
237.000000 -0.078422301 0.300990492 0.148909003 0.065591879 0.027048789 -0.011475856 0.997413814
238.000000 -0.080724873 0.309845775 0.151140556 0.067965522 0.027617503 -0.011248661 0.997241914
239.000000 -0.078866050 0.319153875 0.155543610 0.070845239 0.026614698 -0.010090687 0.997081161
240.000000 -0.076364219 0.324605465 0.156479716 0.071380161 0.024853192 -0.009108642 0.997097909
241.000000 -0.075433753 0.333568513 0.157972187 0.073960401 0.024535034 -0.007857854 0.996928334
242.000000 -0.074114032 0.339332283 0.158165023 0.074932463 0.024178216 -0.007745103 0.996865392
243.000000 -0.073219307 0.344998181 0.158440009 0.075983874 0.023673490 -0.008306224 0.996793389
244.000000 -0.067619301 0.354952842 0.160891905 0.080683954 0.020702403 -0.009103863 0.996483147
245.000000 -0.070128709 0.357377261 0.162594184 0.079875924 0.023015987 -0.008708553 0.996501029
246.000000 -0.076316014 0.346391559 0.157149076 0.072232217 0.025196699 -0.006731833 0.997046769
247.000000 -0.074315518 0.352663785 0.159511194 0.074686430 0.024390530 -0.005802390 0.996891856
248.000000 -0.072761439 0.355441689 0.158895224 0.075152852 0.024128716 -0.006025621 0.996861875
249.000000 -0.069120802 0.363055795 0.160055816 0.077783585 0.023028836 -0.004808663 0.996692657
250.000000 -0.064620130 0.367601871 0.160075739 0.079090662 0.022232633 -0.006118361 0.996600688
251.000000 -0.058498859 0.370188892 0.160644814 0.078654587 0.020271048 -0.004910840 0.996683717
252.000000 -0.051211193 0.376943499 0.162373379 0.080705203 0.017707128 -0.004350132 0.996571243
253.000000 -0.049655363 0.375736088 0.161945418 0.079032168 0.018649921 -0.004192689 0.996688783
254.000000 -0.045288231 0.383810788 0.165132836 0.081964776 0.017446384 -0.003103254 0.996477664
255.000000 -0.039439999 0.387089014 0.166577205 0.082550198 0.015523204 -0.003119266 0.996461153
256.000000 -0.035991799 0.389855236 0.170415312 0.083046831 0.015592912 -0.003084935 0.996418893
257.000000 -0.034641407 0.393799335 0.168745294 0.083524801 0.016064223 -0.002040873 0.996374130
258.000000 -0.029368021 0.399621695 0.171665922 0.085394330 0.014323879 -0.001239981 0.996243477
259.000000 -0.027676051 0.398708135 0.172430649 0.083881944 0.014028404 0.000191692 0.996376932
260.000000 -0.021181107 0.403732836 0.176904142 0.085325591 0.011899390 0.000771320 0.996281743
261.000000 -0.018827723 0.403933197 0.180173427 0.083865792 0.012039816 0.001857846 0.996402562
262.000000 -0.011042311 0.406986713 0.184355497 0.084897600 0.008805960 0.002465031 0.996347725
263.000000 -0.010770657 0.423896074 0.192026317 0.093678176 0.011093460 0.002091532 0.995538533
264.000000 -0.004206679 0.424256444 0.195839167 0.092761345 0.007984634 0.003107611 0.995651484
265.000000 0.001636258 0.418040723 0.197654873 0.088115029 0.005980996 0.002169681 0.996089995
266.000000 0.020784965 0.349685460 0.179622680 0.047529675 -0.003032762 0.003645287 0.998858571
267.000000 0.027639151 0.349524558 0.184709877 0.046915457 -0.004775250 0.004528804 0.998877168
268.000000 0.032162149 0.353731155 0.190724760 0.049326602 -0.005157943 0.005577874 0.998753786
269.000000 0.037988685 0.347527742 0.195744202 0.046070322 -0.007698159 0.006904414 0.998884678
270.000000 0.044718243 0.348404020 0.202207804 0.046565752 -0.009731219 0.007648335 0.998838544
271.000000 0.047118638 0.337967634 0.209714442 0.041256659 -0.009222183 0.007495809 0.999077916
272.000000 0.051095136 0.339661151 0.217134088 0.042887945 -0.009951674 0.008522068 0.998993993
273.000000 0.056854688 0.330822885 0.225533932 0.037741665 -0.011702417 0.009277858 0.999175966
